27.0000
51.0000
74.3333
99.8333
136.5000
162.0000
187.5000
211.5000
234.8333
260.3333
285.3333
310.8333
336.3333
361.8333
385.8333
409.1667
434.6667
460.1667
485.6667
510.6667
536.1667
561.6667
587.1667
612.6667
638.1667
662.1667
685.5000
711.0000
736.5000
762.0000
787.5000
812.5000
838.0000
863.5000
889.0000
914.5000
940.0000
965.5000
989.5000
1012.8333
1038.3333
1063.8333
1089.3333
1114.8333
1140.3333
1165.8333
1190.8333
1216.3333
1241.8333
1267.3333
1292.8333
1318.3333
1343.8333
1369.3333
1394.8333
1418.8333
1442.1667
1467.6667
1493.1667
1518.6667
1544.1667
1569.6667
1595.1667
1620.6667
1645.6667
1696.6667
1747.6667
1798.6667
1858.6667
1923.6667
1988.6667
2053.6667
2118.6667
2183.6667
2247.1667
2310.0000
2375.0000
2440.0000
2505.0000
2570.0000
2635.0000
2876.5000
2902.0000
2927.0000
2952.5000
2999.0000
3047.6667
3098.6667
3149.6667
3200.6667
3251.6667
3302.6667
3353.6667
3404.6667
3455.6667
3504.6667
3550.3333
3596.3333
3640.7333
3690.7333
3740.7333
3790.7333
3840.7333
3890.7333
3940.7333
3990.7333
4040.7333
4090.7333
4140.7333
4207.7333
4265.2000
4323.8667
4382.5333
4441.2000
4499.8667
4558.5333
4617.2000
4675.8667
5008.4667
5046.5500
5072.0500
5095.3833
5120.7167
5145.2167
5170.7167
5195.2167
5220.7167
5245.2167
5270.7167
5295.2167
5320.7167
5345.2167
5370.7167
5395.2167
5420.7167
5445.2167
5470.7167
5495.2167
5520.7167
5545.2167
5570.7167
5595.2167
5620.7167
5645.2167
5670.7167
5695.2167
5720.7167
5745.2167
5770.7167
5795.2167
5820.7167
5845.2167
5870.7167
5895.2167
5920.7167
5945.2167
5970.7167
5995.2167
6020.7167
6045.2167
6070.7167
6095.2167
6120.7167
6145.2167
6170.7167
6195.2167
6220.7167
6245.2167
6270.7167
6295.2167
6320.7167
6345.2167
6370.7167
6395.2167
6420.7167
6445.2167
6470.7167
6495.2167
6520.7167
6545.2167
6570.7167
6595.2167
6620.7167
6644.0500
6668.2167
6693.7167
6719.2167
6744.7167
6770.2167
6795.7167
6821.2167
6846.7167
6872.2167
6897.7167
6923.2167
6948.7167
6974.2167
6999.7167
7025.2167
7050.7167
7076.2167
7101.7167
7127.2167
7152.7167
7178.2167
7203.7167
7229.2167
7254.7167
7280.2167
7305.7167
7331.2167
7356.7167
7382.2167
7407.7167
7433.2167
7458.7167
7484.2167
7509.7167
7535.2167
7560.7167
7586.2167
7611.7167
7637.2167
7662.7167
7688.2167
7713.7167
7739.2167
7764.7167
7790.2167
7815.2167
7838.7167
7861.3833
7882.7167
7913.2167
7938.7167
7963.0500
8052.2167
8098.0500
8144.7167
8189.0500
8231.8833
8274.5500
8319.0500
8362.7167
8406.5500
8451.8833
8497.7167
8542.5500
8588.3833
8847.3833
8872.8833
8897.8833
8923.3833
8948.3833
8973.8833
8998.8833
9024.3833
9049.3833
9074.8833
9099.8833
9125.3833
9150.3833
9175.8833
9200.8833
9226.3833
9251.3833
9276.8833
9301.8833
9327.3833
9352.3833
9377.8833
9402.8833
9428.3833
9453.3833
9478.8833
9503.8833
9529.3833
9554.3833
9579.8833
9604.8833
9630.3833
9655.3833
9680.8833
9705.8833
9731.3833
9756.3833
9781.8833
9806.8833
9832.3833
9857.3833
9882.8833
9907.8833
9933.3833
9958.3833
9983.8833
10009.3833
10034.3833
10054.8833
10076.3833
10100.0500
10125.0500
10150.5500
10176.0500
10201.5500
10227.0500
10252.5500
10278.0500
10303.5500
10329.0500
10354.5500
10380.0500
10405.5500
10431.0500
10456.5500
10482.0500
10507.5500
10533.0500
10558.5500
10584.0500
10609.5500
10635.0500
10660.5500
10686.0500
10711.5500
10737.0500
10762.5500
10788.0500
10813.5500
10839.0500
10864.5500
10890.0500
10915.5500
10941.0500
10966.5500
10992.0500
11017.5500
11043.0500
11068.5500
11094.0500
11119.5500
11144.5500
11170.0500
11214.2167
11253.1333
11297.5500
11341.2500
11386.0000
11431.0333
11543.4500
11591.4500
11640.7833
11693.6000
11747.9190
11804.5857
11860.7524
11917.4190
11973.5857
12030.2524
12086.4190
12143.7024
12208.7571
12399.2571
12451.0905
12502.3405
12553.2571
12604.7571
12655.7571
12707.2571
12758.2571
12809.7571
12860.7571
12912.2571
12963.2571
13014.7571
13083.9238
13152.2571
13220.9238
13289.9238
13359.4238
13438.9238
13513.7571
13586.7571
13658.5905
13731.7571
13804.9238
13878.0905
13951.2571
14024.4238
14097.5905
14170.7571
14243.9238
14317.0905
14390.2571
14463.4238
14502.5905
14573.5905
14649.0905
14725.5905
14802.0905
14878.5905
14955.0905
15031.5905
15108.0905
15184.5905
15261.0905
15317.4238
15376.6738
15427.3738
15484.8738
15534.4286
15590.9333
15639.8444
15695.7556
15744.2525
15800.7685
16004.5185
16062.1019
16124.2685
16182.6352
16241.5352
16300.4352
16359.3352
16418.2352
16477.1352
16536.0352
16586.1352
16935.6352
16984.1352
17031.3852
17089.3852
17151.0519
17196.9685
17243.7852
17290.8519
17338.2519
17385.6185
17431.9519
17478.1185
17523.9519
17567.9519
17611.9519
17656.7852
17701.7019
17745.7019
17790.5352
17835.1519
17879.8852
17924.0519
