61.0000
126.5000
195.0000
265.6667
356.0000
462.5000
537.0000
605.8333
669.8333
729.0000
786.5667
838.0500
912.0619
989.6869
1068.1869
1149.6869
1230.1869
1299.3536
1371.1869
1442.6869
1504.1869
1563.8536
1616.6869
1670.0036
1723.5036
1846.4036
1900.1369
1955.2202
2012.0893
2083.3155
2187.9821
2262.1488
2329.6488
2396.6488
2452.7155
2504.7821
2569.6155
2631.1155
2698.2821
2788.4488
2892.9488
2969.4488
3040.2821
3116.4488
3188.3488
3256.1821
3315.5155
3496.6821
3574.1821
3645.6821
3712.8488
3788.8488
3865.3488
3933.1821
4001.5155
4062.8488
4123.0155
4186.0821
4246.9155
4311.4155
4381.9155
4450.2488
4515.5821
4592.4155
4668.9155
4741.7488
4811.4155
4878.2488
4937.0821
5004.0821
5078.0821
5147.5821
5217.7488
5291.9155
5362.4155
5429.9155
5541.9155
5618.9155
5689.8321
5762.0321
5836.5655
5917.0655
5993.3988
6050.8155
6116.2988
6188.4655
6261.1321
6326.0488
6375.7988
6432.9988
6503.3321
6570.8321
6640.1655
6732.9988
6839.9988
6915.7488
6984.8321
7049.8321
7114.8321
7301.3321
7372.9988
7430.4988
7501.6655
7577.0821
7657.9155
7735.0821
7804.7488
7902.4155
7994.3321
8058.6655
8117.7488
8177.7988
8247.2988
8308.6321
8385.1321
8465.4655
8539.9655
8608.7988
8674.9655
8740.9655
8965.2155
9027.7155
9094.7155
9160.5488
9229.5488
9295.8821
9361.2155
9463.0488
9537.5488
9606.0488
9670.3821
9733.1821
9803.2488
9873.4821
9938.0488
9994.8821
10074.3821
10150.5488
10217.7155
10296.9655
10373.9655
10442.6321
10512.7988
10576.7988
10748.2988
10821.2988
10896.2988
10969.6321
11041.6321
11112.2988
11190.7988
11261.7988
11323.2988
11379.9655
11449.6988
11517.8655
11578.6988
11666.8655
11728.8655
11780.0321
11841.9488
11911.1988
11988.8655
12072.3655
12149.0321
12210.8655
12282.8655
12480.3655
12537.5321
12590.2821
12649.4655
12719.6321
12796.1321
12872.6321
12937.2988
13003.6321
13070.1321
13135.9655
13190.4655
13246.5488
13311.5488
13386.8821
13452.2155
13525.0488
13594.8821
13658.7155
13714.7155
13776.7155
13847.7155
14082.2155
14153.5488
14223.8821
14288.3821
14389.6321
14465.8821
14536.8821
14602.8821
14663.3821
14729.4488
14799.6155
14861.6821
14918.9821
14977.3155
15030.6488
15086.4821
15149.3988
15207.9655
15266.7155
15322.4345
15415.1179
15485.5147
15552.6853
15614.6853
15673.0187
15728.7687
15777.9464
15860.3909
15923.7909
15985.2909
16036.7075
16095.3742
16172.1909
16236.9575
16299.0409
16364.6242
16428.4575
16487.4575
16557.2909
16632.4575
16707.9575
16802.9575
16864.9575
16922.7909
16980.7909
17047.7909
17119.7909
17189.7909
17257.4575
17354.1242
17526.6242
17597.9575
17666.9575
17739.4575
17816.4575
17888.7909
17980.1242
18053.7909
18119.9575
18189.9575
18261.2075
18323.8742
18373.9575
18435.7909
18506.7909
18577.6242
18674.7909
18744.1909
18810.9242
18893.1742
18954.1742
19024.3409
19230.6742
19285.6742
19337.8409
19394.2409
19457.5075
19554.2409
19625.4742
19692.1409
19750.6409
19816.3075
19891.4742
19951.1409
20019.2242
20082.2242
20158.2242
20231.9575
20295.6575
20372.2909
20441.4575
20502.2575
20580.5909
20659.4242
20725.7575
20788.9242
20931.4242
21004.2575
21059.9242
21119.4242
21195.0909
21275.9242
21354.4242
21416.5909
21476.9242
21536.5075
21593.2075
21661.2075
21735.3742
21801.0409
21865.7742
21956.0742
22059.2409
22129.7409
22201.4075
22269.9075
22507.4075
22569.2409
22630.4909
22702.9909
22771.8242
22834.9909
22934.9742
23010.4742
23081.3909
23142.3075
23201.1409
23259.8075
23310.8075
23366.8075
23435.6409
23510.8742
23610.9409
23688.9409
23763.7742
23833.6075
23903.1075
23971.1075
24029.9409
24086.0075
24170.0075
24247.5075
24323.0075
24390.8409
24459.6742
24511.1742
24617.1742
24696.8409
24777.0075
24837.0075
24899.2575
24971.1242
25034.4575
25104.4575
25171.9575
25239.4575
25306.1242
25373.2075
25436.4075
25498.8742
25572.9909
25642.4409
25712.9742
25780.8075
25834.5409
25896.8742
25969.7433
26036.5933
26106.5933
26163.9266
26226.7599
26286.5599
26337.7933
26416.0433
26498.3766
26570.3766
26652.0433
26728.0433
26800.3766
26867.8766
26932.0099
27001.5766
27075.0766
27143.5766
27210.7433
27267.0766
27324.9099
27397.0766
27466.1433
27532.9766
27602.3456
27666.7623
27733.2623
27802.7623
27875.7623
27946.5956
28008.4290
28063.9290
28126.9290
28192.5956
28248.7623
28309.9290
28428.7623
28479.7623
28527.4956
28576.8290
28627.0313
28683.8147
28765.3480
28856.4313
28917.8758
28964.5425
29018.2647
29076.2647
29128.6647
29180.1361
29228.7194
29278.3361
29323.6361
29373.9028
29433.5694
29491.1528
29547.0147
29603.3480
29652.8258
29701.9591
29751.6244
29799.4410
29867.0162
29923.9924
29973.9924
30022.1257
30073.6257
30123.9852
30180.0781
30232.0781
30285.7710
30332.0210
30371.2043
30435.1043
30477.6495
30516.8138
30560.0090
30598.8575
30637.2444
30674.2984
30739.6936
30784.0424
30820.0928
30871.8840
30911.1614
30942.4043
30987.2656
31052.3075
31131.3753
31181.4599
31226.9182
31267.7396
31318.3396
31383.1730
31436.1396
31492.6730
31568.0730
31627.5730
31694.3396
31757.2730
31830.8063
31895.6396
31949.3730
32000.3063
32059.3896
32139.1896
32193.0563
32249.6230
32301.0230
32358.5563
32415.1611
32460.3444
32498.4492
32545.8253
32614.6039
32742.3789
32787.0289
32831.6623
32886.4956
32936.6623
33008.8623
33073.7551
33128.0813
33176.3813
33223.0480
33278.6980
33326.9480
33378.0646
33440.7646
33531.0980
33604.3480
33672.3480
33741.6813
33805.1813
33877.6813
33947.4980
34007.3146
34059.9170
34113.7480
34165.1285
34221.9507
34365.7235
34430.6326
34471.5108
34515.0877
34572.4127
34627.1919
34679.3877
34736.8669
34786.5294
34848.0817
34914.5651
34984.8698
35038.0889
35095.4413
35152.1865
35204.0361
35251.9361
35301.9568
35354.0629
35407.3152
35461.7555
35512.3236
35559.8748
35609.1466
35655.0592
35704.1155
35804.2915
35848.9925
35889.1059
35942.2309
35994.6928
36048.6762
36097.9818
36156.4106
36210.8299
36263.6071
36310.4427
36355.8540
36414.8081
36483.8554
36550.2298
36617.5981
36679.2941
36743.3182
36803.3371
36865.0180
36925.6943
36979.0662
37036.7674
37153.9894
37176.6496
37225.6293
37276.3449
37326.9092
37370.6379
37427.4146
37474.0164
37522.3123
37584.5986
37635.7986
37697.1486
37763.2819
37829.0177
37919.2296
37984.4240
38041.2129
38094.9224
38251.1415
38327.0566
38381.2233
38428.1400
38478.2900
38556.6566
38625.9900
38686.8233
38753.1566
38816.1233
38872.6900
38925.8566
38977.2233
39054.8066
39141.1733
39227.0066
39286.6447
39351.0781
39408.2447
39455.0304
39512.0138
39565.3471
39627.9138
39692.0249
39752.1915
39814.1915
39876.0915
39936.4582
40033.5915
40063.9915
40121.6249
40177.2582
40226.0582
40274.8249
40334.1106
40389.1939
40440.7273
40487.0106
40535.3606
40588.8273
40655.1439
40730.8439
40792.4773
40842.5439
40891.0439
40945.2701
40996.6392
41045.3892
41088.0558
41284.3892
41309.8892
41364.2892
41418.8273
41469.2439
41517.7606
41571.9439
41620.8773
41695.8796
41756.6408
41803.6963
41850.4296
41898.2963
41953.8130
42016.1463
42063.6463
42128.1463
42185.2963
42238.5630
42296.8963
42344.4630
42403.5296
42472.5296
42540.0296
42609.8630
42676.6963
42782.8630
42925.3630
43001.1963
43071.6963
43145.4463
43222.6130
43298.7796
43362.9463
43429.2796
43509.7796
43569.7796
43640.1130
43702.9463
43766.9463
43827.9296
43896.4296
43966.0487
44025.2749
44083.6161
44144.8638
44234.1615
44320.2448
44388.2448
44464.2448
44694.5782
44751.9115
44814.0782
44884.9948
44956.4948
45026.9948
45094.6615
45157.4948
45218.1615
45291.9948
45357.9948
45433.9948
45507.4948
45581.3282
45647.6615
45722.8282
45803.3282
45873.4948
45945.8282
46005.4948
46061.9948
46123.3282
46187.4782
46241.3782
46294.3782
46496.8782
46577.3782
46642.7115
46707.0448
46775.8782
46850.5448
46927.0448
46988.3067
47046.7448
47118.4698
47173.3032
47224.5532
47294.5698
47365.0698
47436.0698
47500.0698
47568.5698
47641.4032
47707.8198
47759.5698
47843.4865
48047.9032
48098.4032
48169.3365
48229.8365
48301.2865
48369.4365
48435.6865
48505.8532
48608.3532
48681.8532
48756.0198
48830.8532
48891.3532
48955.5198
49028.5198
49093.0198
49163.8532
49260.5198
49330.6865
49390.1865
49470.5198
49537.0198
49596.8532
49661.5198
49750.6032
49839.1032
49897.7143
50004.0476
50056.5476
50116.2143
50168.2143
50216.8809
50277.7143
50330.5476
50406.0476
50463.7143
50524.7143
50590.7143
50657.7809
50719.4476
50770.7809
50831.6143
50901.9476
50969.4476
51216.6143
51276.7809
51340.2809
51402.5809
51466.9476
51528.9476
51576.1500
51628.9000
51687.1889
51739.1365
51793.6766
51866.8266
51920.7600
51969.1766
52016.4266
52065.7933
52128.8266
52180.5433
52270.0028
52322.8750
52389.1103
52483.0103
52552.2936
52621.2936
52688.7353
52780.1019
52931.1019
53006.4353
53081.9353
53154.7686
53225.2686
53289.9353
53358.6019
53428.9353
53499.7686
53572.6019
53636.4353
53701.1853
53774.6686
53843.6686
53900.7519
53954.5376
54011.7972
54055.6638
54105.0638
54166.4638
54224.9162
54280.3853
54330.8575
54377.7916
54428.8484
54491.9469
54552.3583
54603.1845
54668.2512
54727.4804
54795.6470
54838.4804
54887.3804
54943.2970
55007.7470
55060.4470
55134.0899
55200.7641
55251.2721
55319.2650
55381.1078
55428.8055
55476.0971
55523.1717
55586.1574
55645.0852
55707.5392
55793.9733
55854.4257
55915.1170
55979.0551
56033.4935
56115.2903
56273.0999
56316.5999
56359.7499
56418.6689
56479.3118
56532.2284
56585.6784
56634.0451
56684.6284
56738.3308
56798.5332
56848.9624
56887.1658
56934.6052
56989.5461
57037.8794
57086.3127
57159.7294
57230.3127
57306.1461
57375.8127
57450.8127
57525.3461
57581.5889
57644.0413
57735.4580
57802.6246
57864.4580
57948.5913
57997.0580
58042.7246
58093.8913
58148.3080
58205.3913
58271.3746
58329.5913
58376.3246
58443.0746
58563.0746
58631.4246
58695.7246
58760.0580
59035.8913
59095.5580
59153.5580
59223.2246
59288.3913
59349.7913
59427.0413
59488.7913
59559.7913
59624.4580
59688.6246
59758.2913
59835.4580
59914.9580
59984.1246
60049.4580
60117.6246
60212.5246
60295.0246
60353.6913
60419.8580
60481.0246
60544.2580
60602.4246
60742.1770
60802.3854
60871.1631
60943.6631
61020.6631
61092.9965
61184.3298
61257.9965
61324.1631
61394.1631
61465.4131
61527.8576
61580.0520
61642.8854
61708.1770
61768.8294
61870.3389
61950.1723
62027.2056
62089.4889
62147.7389
62201.5723
62419.7389
62474.2723
62534.8389
62605.8389
62681.6723
62752.8389
62817.6723
62882.4223
62942.4223
63005.9223
63070.4223
63126.7889
63175.0223
63234.5223
63284.1889
63354.1056
63421.2723
63497.8556
63570.3556
63647.8556
63723.8556
63799.1889
63866.8556
64086.3556
64183.8556
64261.3556
64333.8556
64411.3556
64491.8556
64563.6056
64627.1889
64689.3556
64746.4223
64805.2556
64873.7556
64950.5889
65021.9223
65097.7556
65170.7556
65231.4223
65534.9056
65608.6056
65662.3056
65722.2223
65789.3889
65865.8889
65945.3889
66012.8889
66076.7223
66139.8889
66199.7223
66252.5651
66294.5913
66343.2604
66399.6104
66448.9961
66503.0651
66553.8207
66606.1984
66657.8651
66722.0318
66782.6984
66847.8096
66898.4651
66971.7429
67038.5762
67096.4096
67174.8762
67236.6262
67280.4762
67322.2096
67376.7096
67429.5096
67472.9096
67511.1262
67561.2762
67628.0762
67686.2596
67746.4429
67799.2596
67849.5096
67893.5096
67944.0429
68155.1262
68199.4373
68243.3540
68429.6040
68493.7207
68556.4207
68615.4207
68680.6207
68749.8731
68811.8778
68867.5802
68949.5064
69014.8397
69072.7397
69131.4731
69188.7231
69456.2231
69537.2231
69601.2231
69663.0564
69728.8897
69826.1731
69895.0064
69969.0064
70036.8397
70137.3397
70203.5064
70267.5064
70343.0897
70406.7064
70483.5397
70551.5397
70625.0397
70701.6231
70769.8731
70836.8731
70906.7064
70970.2064
71036.8731
71226.3731
71298.3731
71370.2897
71438.3731
71508.8731
71583.3731
71650.3731
71717.5397
71789.2064
71862.7064
71930.2064
71981.5397
72037.3731
72103.5397
72162.3731
72232.7064
72312.5397
72387.0397
72459.8731
72519.7064
72581.2064
72642.2064
72687.3731
72838.0397
72883.3731
72934.4564
72987.2897
73038.0397
73085.3064
73145.5397
73198.6064
73264.5231
73332.5231
73399.5564
73458.2564
73522.1731
73589.0897
73658.5897
73728.1731
73788.4231
74002.0897
74052.7564
74109.7564
74192.4231
74256.6731
74305.7564
74362.1731
74433.0064
74501.2564
74571.5064
74663.0897
74762.8397
74826.6731
74900.0064
74974.1731
75042.1731
75097.8397
75156.6731
75230.0064
75300.5064
75365.1731
75433.8397
75504.1731
75575.6731
75652.6731
75726.0064
75790.5064
75864.0064
75932.3731
75993.4397
76065.9397
76139.7731
76213.6064
76285.6064
76364.1064
76443.6064
76524.1064
76599.6064
76664.7731
76735.1064
76808.9397
76886.4397
76955.7731
77019.2731
77081.3564
77141.6731
77199.4064
77260.5731
77319.0731
77398.7397
77466.0731
77532.7397
77633.5731
77710.9064
77782.4064
77847.2397
77907.8897
77968.5564
78025.0088
78113.3492
78207.4742
78265.9742
78323.6409
78392.2076
78459.0409
78526.8576
78627.3909
78699.3671
78763.9385
78830.7719
78904.1719
78970.6385
79023.4385
79072.1552
79128.7219
79186.6385
79254.9719
79328.6385
79394.1242
79453.8671
79519.8504
79580.6838
79636.5171
79685.8838
79818.4171
79883.3171
79930.3004
79975.6338
80029.6171
80093.0171
80165.1838
80227.6838
80281.7671
80366.6004
80426.7671
80475.2671
80538.8504
80599.5171
80667.1004
80725.3171
80781.7266
80876.5790
80947.0623
81012.8957
81072.3314
81126.8314
81183.1727
81238.4560
81334.7893
81386.7893
81440.7893
81496.6560
81568.9393
81640.2727
81698.9393
81754.7727
81822.7727
81882.2393
81932.1393
81987.1393
82059.0560
82163.8893
82238.3893
82305.8060
82361.8893
82423.8893
82486.6227
82549.4393
82616.7727
82678.5227
82740.9750
82928.1179
82990.6179
83048.3679
83110.2846
83175.4512
83248.9512
83319.9512
83387.6179
83455.4512
83550.7846
83624.1512
83691.8512
83767.1846
83834.1846
83908.6846
83976.8512
84043.5179
84111.1846
84187.5846
84253.9179
84320.5846
84388.8179
84451.1512
84518.1512
84583.8179
84642.2179
84700.7369
84760.2965
84854.5631
84987.5988
85034.2846
85080.5107
85135.4107
85205.9941
85285.8274
85358.1607
85426.8274
85497.9941
85562.3274
85621.6607
85688.9941
85744.0274
85816.4774
85894.9774
85971.4774
86044.3107
86113.3107
86177.4774
86246.8774
86314.8774
86366.2465
86427.0965
86499.7631
86571.2393
86664.7393
86723.0727
86785.5727
86862.2393
86940.9060
87012.7393
87083.5727
87144.8060
87209.1393
87278.6393
87339.1393
87406.8060
87476.6393
87548.6393
87613.1393
87687.9727
87757.3060
87824.6393
87903.3060
87977.8060
88046.6393
88146.1393
88227.0393
88303.9393
88368.9393
88424.1060
88486.9393
88549.0060
88614.8727
88720.5393
88791.0393
88851.5393
88911.5393
88965.5393
89020.4393
89097.1060
89160.2727
89230.6060
89300.4393
89374.9393
89457.4393
89534.9393
89597.6060
89655.1060
89726.9393
89802.4393
89869.4393
89923.7727
89979.5893
90049.6727
90116.0417
90184.4584
90248.6806
90311.7615
90380.0684
90452.9572
90522.1111
90585.5418
90647.6252
90708.0014
90760.3762
90826.7207
90906.7832
90981.7832
91059.2832
91163.7832
91231.7832
91302.7832
91376.6165
91452.7832
91531.6165
91601.4498
91673.2832
91739.7832
91813.7832
91888.4832
91953.8165
92010.6165
92071.6165
92150.7832
92217.2832
92293.2832
92363.7832
92437.6165
92533.6165
92604.6165
92743.1165
92801.1165
92866.2832
92936.6165
93010.9498
93080.2832
93175.0332
93272.3665
93329.8665
93390.3665
93453.3498
93513.3498
93601.4451
93674.0701
93749.5701
93819.7368
93892.0701
94133.5701
94206.3201
94280.7368
94351.4034
94422.4034
94500.2368
94579.7368
94648.4034
94714.7368
94774.4034
94825.1368
94888.8201
94944.0820
95012.9987
95108.0820
95173.7487
95233.9987
95295.5320
95351.6653
95415.8987
95473.8570
95536.0487
95596.3987
95647.7487
95692.9820
95742.1320
95818.8653
95859.7510
95916.9963
95976.8598
96062.3399
96124.4066
96178.9733
96245.0066
96293.8399
96344.8233
96396.1590
96445.4280
96493.7042
96548.4582
96606.2360
96658.7360
96713.4026
96759.2026
96802.4693
96857.0193
97015.3860
97061.9526
97105.2193
97160.1693
97212.9693
97269.1026
97319.1693
97367.6693
97418.5217
97461.3717
97505.5701
97561.7034
97618.8701
97665.9534
97714.7868
97775.6534
97831.9201
97874.9534
97925.7368
98121.2368
98191.9701
98264.3034
98324.7034
98381.5201
98448.6701
98520.7701
98586.6701
98656.4034
98726.2129
98792.9987
98854.1177
98916.4129
98971.8891
99022.8558
99075.5891
99132.8891
99191.0558
99245.9725
99304.0082
99392.0106
99449.0772
99500.7439
99581.4772
99635.5772
99682.7939
99780.7106
99848.5439
99897.7106
99952.5439
100005.0439
100066.3772
100121.1272
100166.0439
100210.9272
100273.9606
100346.6272
100410.5939
100470.0939
100523.5939
100577.7606
100636.3439
100694.7617
100758.8768
100846.3768
100977.8768
101187.9435
101243.1101
101298.7768
101347.9435
101399.2768
101482.3435
101548.5768
101602.0768
101651.0768
101707.6435
101763.1435
101830.3435
101902.3435
101974.9101
102040.6435
102374.8101
102444.3101
102515.9768
102571.4601
102632.1935
102693.6185
102745.6129
102809.9462
102869.7796
102926.1796
102974.9629
103034.7129
103107.9629
103169.4796
103268.7462
103346.2462
103411.5796
103498.9129
103581.6629
103646.9962
103708.8296
103766.8296
103892.3296
103943.3296
103992.5629
104048.0296
104134.0296
104262.8796
104358.3129
104419.4629
104472.6629
104517.6573
104568.0907
104622.9073
104696.9407
104746.1573
104787.2073
104831.4169
104884.3446
104934.4032
104984.4619
105038.4453
105080.3572
105120.7786
105222.0953
105294.8619
105364.0286
105426.3619
105479.1953
105520.1619
105568.1619
105621.1834
105672.5500
105726.3500
105777.5417
105836.0000
105896.2000
105950.1917
106004.0769
106048.7308
106104.9475
106150.2141
106199.4308
106251.3641
106301.6975
106346.1498
106391.2998
106430.2054
106470.0887
106513.5911
106554.8173
106594.3340
106637.4959
106690.1959
106731.6482
106772.8801
106820.9361
106869.9908
106916.2262
106961.2691
107012.8118
107063.3274
107108.0592
107146.2245
107190.0936
107242.4226
107298.4653
107356.2001
107403.5797
107453.3396
107507.5152
107549.6747
107599.2363
107651.6179
107703.2373
107748.2620
107788.9264
107833.9477
107883.5601
107927.9975
108010.6708
108053.5664
108089.1869
108132.3899
108182.8399
108223.9161
108264.2327
108309.5994
108358.4661
108410.5994
108472.3827
108523.7994
108575.0661
108656.0161
108709.5351
108756.7042
108823.9375
108870.4708
108914.9542
108964.4542
109013.5375
109230.0375
109281.1042
109325.3042
109375.1708
109418.7375
109457.7375
109499.8042
109553.4542
109606.5042
109652.2042
109705.7375
109763.6125
109826.2792
109879.8125
109935.3649
109983.7196
110030.0863
110076.4974
110247.3641
110317.4641
110379.0831
110435.0022
110480.9680
110525.7506
110569.8395
110612.2922
110659.4565
110701.8232
110752.7256
110825.2446
110882.8637
110926.8994
110997.4216
111213.9216
111259.5549
111305.6549
111350.4978
111395.6240
111438.9335
111498.6764
111576.9430
111633.6764
111683.3764
111730.0930
111776.3788
111821.5288
111863.9383
111904.9049
111952.1859
111999.1502
112045.7930
112090.2692
112134.6288
112263.9621
112317.9954
112357.7454
112403.4454
112450.7288
112500.3621
112560.7788
112608.5922
112662.8950
112714.2700
112766.9200
112819.5867
112866.5034
112915.1462
112962.6462
113015.7795
113072.5129
113134.3462
113194.4795
113402.8795
113450.7129
113489.3795
113537.5795
113587.5795
113631.1129
113680.1129
113727.9343
113772.9343
113817.4454
113863.8930
113907.6150
113949.3706
113988.3783
114027.2852
114064.4185
114114.2801
114157.9182
114211.0848
114273.2348
114363.1015
114504.2348
114530.5205
114575.8205
114626.3999
114694.1564
114746.0654
114783.8353
114839.9520
114880.7377
114934.4568
114984.5591
115024.0980
115069.8536
115127.5283
115192.4600
115251.1433
115295.6719
115342.8805
115391.6385
115437.3481
115494.9281
115557.9114
115605.6614
115658.0781
115727.8114
115780.1186
115832.0738
115905.5904
115943.6738
115984.7095
116035.6119
116086.1492
116131.3103
116180.4460
116223.3793
116269.0658
116319.5075
116368.2520
116415.3925
116455.6675
116493.2985
116529.9831
116563.7319
116612.2662
116672.8398
116728.3559
116774.6837
116818.1587
116864.6663
116907.6914
116953.1520
117055.8176
117095.0048
117138.0262
117182.5542
117227.9560
117273.2324
117317.2924
117360.5113
117406.7725
117459.1290
117510.6283
117550.9805
117592.3200
117644.2854
117698.2825
117746.1792
117795.3694
117840.3884
117892.6575
117947.6575
118003.6241
118062.0241
118206.9241
118268.3075
118315.0408
118367.3241
118464.6408
118521.9575
118583.2741
118649.5075
118713.5408
118777.6908
118837.5075
118900.4075
118948.7408
119015.4075
119078.4908
119130.8908
119188.9241
119245.3241
119295.2908
119348.9575
119499.5408
119541.2908
119587.6241
119645.4908
119691.3908
119747.6741
119801.3408
119857.3741
119923.7408
119993.0741
120057.2408
120110.9741
120160.6408
120212.9408
120268.9741
120327.3075
120392.6241
120463.6241
120550.4575
120607.0408
120659.5408
120719.9575
120761.2075
120866.7432
120921.2432
120978.0765
121032.4432
121091.4099
121151.6432
121202.5432
121251.1265
121301.1932
121350.0932
121399.2432
121454.8099
121519.2432
121580.9765
121658.9932
121715.2432
121766.4099
121816.7432
121867.2432
121916.4099
122073.5765
122113.0765
122159.5765
122212.2432
122271.4765
122326.9432
122369.1122
122417.3218
122468.8218
122517.6551
122571.6551
122625.4884
122682.5995
122732.6940
122781.6273
122841.3083
122895.7297
122948.0210
122999.7551
123203.0384
123244.1021
123294.5044
123362.8485
123415.9497
123463.6154
123532.7174
123598.2840
123662.3507
123731.2507
123787.9943
123830.3276
123880.3943
124186.6276
124235.2943
124277.8609
124322.1109
124395.6943
124442.3609
124483.5943
124537.3276
124584.3276
124646.3276
124707.1788
124759.4050
124817.6883
124870.4383
124919.5217
124970.9217
125032.6050
125097.8550
125159.8550
125241.4717
125293.5883
125350.9494
125407.8605
125463.4383
125590.1050
125646.4383
125692.6717
125746.4050
125797.5883
125851.7383
125899.9812
125945.8002
125990.8502
126057.5217
126108.6157
126149.6276
126223.2443
126277.1443
126316.2395
126352.1348
126391.9609
126431.2859
126466.8534
126504.0788
126542.3491
126579.4969
126624.9309
126663.2635
126708.3468
126776.9230
126833.0917
126902.4500
126937.5152
126978.7470
127032.3648
127078.8165
127143.4093
127210.4974
127255.2998
127299.0165
127347.2260
127392.4855
127447.7188
127493.7522
127545.4855
127605.2355
127669.9022
127738.1879
127793.9712
127844.9879
127894.0546
127942.0236
128008.9926
128162.6926
128198.9426
128258.2760
128311.1093
128358.9426
128407.4426
128456.5926
128505.7426
128546.6926
128595.1617
128674.5879
128729.5212
128784.3879
128836.3546
128891.9879
128945.7212
128991.3379
129039.2546
129083.0593
129121.5784
129166.6117
129227.4284
129290.8450
129348.4284
129399.3450
129444.1117
129481.3950
129520.0712
129569.9641
129642.0069
129693.7165
129740.3093
129791.5510
129828.4855
129887.8228
129961.6561
130021.9061
130079.0395
130133.2395
130183.5061
130255.3228
130307.8323
130363.7847
130419.4514
130469.0847
130516.1482
130568.1387
130630.4355
130676.8212
130722.3569
130764.7926
130859.1426
130899.1426
130962.4284
131027.3784
131083.7117
131136.7950
131193.5950
131249.5117
131313.4046
131361.6998
131403.9665
131459.9915
131515.6272
131560.2772
131603.0208
131648.0542
131692.8526
131736.3336
131780.5640
131846.6236
131906.9652
131965.6319
132008.1986
132067.0819
132113.1771
132151.9009
132205.7843
132249.2120
132289.5299
132335.6978
132370.5224
132402.8125
132465.9541
132513.4875
132598.3208
132647.1708
132698.0375
132748.7875
132795.3472
132831.8848
132873.8015
132918.2015
133081.2182
133124.4682
133164.7944
133215.2277
133256.8944
133306.9277
133369.8110
133440.4055
133490.3631
133543.5706
133613.4373
133660.1524
133729.2302
133772.5675
133807.7307
133849.6140
134059.7140
134103.2140
134162.6973
134216.7973
134260.5640
134301.4640
134349.9473
134394.9473
134431.1497
134465.4164
134501.1993
134535.5739
134569.3438
134602.7508
134647.7039
134705.1332
134768.3506
134942.5173
134963.6006
135004.0173
135059.3340
135107.5006
135152.3506
135191.6768
135230.2054
135265.1816
135300.5300
135333.3205
135370.1559
135405.0535
135439.1557
135472.7920
135506.1119
135539.1991
135572.1063
135604.8692
135637.5133
135670.0576
135702.5168
135734.9025
135767.2239
135799.4886
135896.2852
135935.5917
135967.9150
136002.6974
136041.2791
136082.7870
136125.5509
136164.8180
136206.0427
136244.0978
136284.3965
136324.3088
136367.6192
136402.1275
136444.4897
136482.9114
136520.0581
136700.6914
136720.6581
136760.8581
136805.0295
136843.9462
136879.8406
136944.7906
136995.9906
137036.5073
137079.6763
137121.5049
137162.8879
137203.5879
137239.7086
137280.7361
137327.6551
137374.0445
137413.9849
137448.0361
137489.7674
137526.5967
137568.5127
137605.4693
137649.5087
137688.5980
137723.8999
137762.9546
137863.5146
137905.0752
137947.1920
137985.3920
138040.0348
138080.3525
138111.4058
138142.8028
138182.0235
138223.1129
138263.5503
138299.7826
138358.3535
138391.9704
138420.9320
138459.3748
138494.8157
138529.6316
138563.7769
138597.2940
138626.0898
138660.5732
138694.6065
138728.5898
138768.1994
138819.3827
138868.7494
138900.4494
138946.0517
139007.7517
139066.4113
139138.6708
139186.7541
139230.7732
139286.7684
139355.4517
139422.0406
139467.4763
139511.8859
139554.2732
139592.3668
139664.2192
139710.7859
139762.1359
139805.4692
140016.3025
140039.1359
140083.5525
140123.7081
140168.9525
140222.1525
140265.6859
140311.6859
140355.3359
140395.8573
140435.0240
140474.4263
140515.2930
140556.9033
140605.9367
140653.5340
140694.6990
140733.4799
140780.4714
140822.3550
140861.0515
140899.8588
140938.6644
140981.6488
141022.6691
141058.6668
141107.1986
141190.6167
141238.2072
141290.2281
141329.7671
141365.4219
141408.5433
141461.7070
141515.7900
141564.6978
141614.0974
141659.8229
141705.0414
141744.5865
141782.6921
141828.9918
141878.2859
141931.3081
141983.6337
142030.8546
142077.8126
142120.9664
142261.4133
142310.4806
142373.6869
142419.6226
142465.9321
142506.2178
142547.2845
142584.0512
142623.1345
142664.8440
142716.9702
142771.4327
143021.0993
143085.6327
143129.6493
143169.2636
143221.7247
143272.5850
143324.0200
143374.9392
143425.4860
143475.7494
143525.7889
143575.6466
143622.4645
143670.7085
143721.5085
143774.2571
143826.1100
143878.8721
144120.2055
144169.7055
144229.0555
144280.6221
144333.4555
144385.8055
144464.0721
144524.5888
144562.8721
144625.2721
144690.9221
144751.4388
144801.3412
144850.9340
144915.8007
144966.4007
145009.2340
145062.8007
145117.8555
145159.0721
145200.3499
145263.0499
145313.1928
145361.7594
145488.7594
145513.0928
145559.1761
145601.9261
145651.3190
145694.1142
145731.2559
145765.8392
145810.4892
145861.0559
145914.1797
145953.4987
145989.1376
146038.9884
146097.8821
146155.1889
146205.3556
146272.8818
146322.9913
146362.1080
146404.3342
146438.6175
146477.2770
146523.4104
146592.7794
146639.1564
146679.4016
146745.3183
146809.5112
146848.8278
146886.6501
146913.9278
146955.9223
146990.9731
147024.9449
147066.9377
147106.7012
147144.7512
147197.6274
147252.8981
147284.5647
147321.7147
147378.9838
147423.4171
147470.4338
147630.2338
147793.2671
147841.6004
147881.0338
147914.3195
147946.4481
147976.2981
148015.9786
148049.4393
148117.1179
148179.1923
148247.9765
148292.6543
148333.8956
148400.6678
148438.7678
148474.0845
148511.4511
148554.5035
148604.0535
148654.6781
148706.5734
148756.3635
148813.4627
148857.4578
148898.2678
148936.9503
148973.0293
149010.0365
149051.3254
149101.7730
149147.5477
149182.1248
149225.3078
149282.4625
149342.6006
149383.7578
149431.8729
149467.8920
149506.6146
149545.9880
149584.6748
149629.0924
149673.9214
149705.7060
149733.0056
149770.0675
149816.2104
149860.5199
149948.4937
150028.3459
150065.3349
150102.8450
150137.0204
150162.8761
150192.8892
150221.4272
150249.9556
150282.5345
150316.9956
150371.4410
150402.1947
150433.8626
150480.4706
150652.5040
150677.2206
150720.0873
150767.3540
150820.9040
150861.0587
150903.6421
150939.7087
150978.8516
151020.2111
151065.9319
151108.1409
151151.5095
151203.8928
151253.5452
151295.3142
151334.7857
151379.7952
151423.3825
151465.8896
151525.8365
151579.7160
151616.8279
151651.0525
151686.2478
151798.1766
151839.9392
151872.8772
151903.2690
151941.8710
151976.3091
152006.8948
152044.8257
152084.4257
152127.6001
152171.8882
152213.3930
152252.2938
152298.8473
152358.7085
152405.1208
152447.9628
152493.1462
152541.6795
152587.5128
152641.0128
152769.4128
152810.9462
152854.2795
152901.2628
152951.5628
153014.7295
153090.7295
153155.2295
153222.4795
153292.6462
153367.8128
153440.1462
153507.8128
153579.3128
153642.8128
153704.4795
153769.4795
153827.2295
153883.8962
153942.9628
154010.8295
154069.4962
154154.5343
154296.6434
154347.0517
154395.7335
154445.4919
154494.6568
154539.9164
154592.3323
154640.2323
154689.8013
154731.0013
154774.4402
154823.6902
154876.1735
154937.2735
154977.8569
155021.9402
155069.5569
155115.7450
155160.7069
155209.5569
155255.6093
155302.4307
155347.5581
155389.1415
155478.8332
155518.3697
155559.4280
155604.7030
155672.0962
155722.8399
155776.2149
155826.0843
155872.2168
155918.6108
155961.9816
156002.9926
156047.1855
156088.2188
156123.8403
156167.9176
156214.2565
156253.2689
156295.4931
156341.6154
156382.9338
156427.0219
156461.7885
156507.9742
156554.6004
156591.4933
156627.9100
156744.4766
156788.0488
156823.0308
156856.1290
156887.4048
156920.3512
156954.6022
156987.6546
157062.2896
157100.7415
157138.0911
157191.8388
157230.4039
157262.9872
157300.9428
157335.6316
157371.9316
157414.8483
157467.4626
157511.5773
157754.3368
157893.4035
157933.7201
157978.7035
158039.3701
158102.1201
158160.6035
158238.4035
158294.2368
158346.0701
158396.7368
158449.7368
158503.8035
158556.5035
158607.8201
158658.1535
158708.9868
158760.2868
158819.3201
158868.8535
158923.8559
158972.8725
159022.3725
159162.8725
159217.2059
159267.8725
159316.8178
159372.7094
159426.9118
159480.1642
159532.7972
159584.9909
159637.8027
159689.7214
159744.4850
159801.7820
159857.8352
159910.3286
159961.3092
160015.6294
160073.0147
160131.0139
160189.3662
160246.5101
160300.3830
160353.5553
160428.6990
160478.5066
160522.6384
160606.9718
160645.8884
160685.6873
160731.2553
160788.8756
160848.7335
160892.5930
160946.6430
161000.4597
161054.4673
161101.7995
161155.3090
161218.9590
161272.8757
161320.2590
161364.2590
161409.4138
161452.9971
161499.3638
161543.4971
161752.3971
161808.6971
161867.5971
161917.0971
161965.0138
162022.3138
162082.5138
162149.3305
162216.0305
162276.6305
162348.7971
162416.9971
162476.8757
162535.1138
162600.2733
162660.9328
162722.2852
162786.0281
162858.1781
162919.4114
162972.7209
163029.9638
163088.8971
163141.9971
163294.3305
163354.1471
163408.0471
163451.4400
163494.9495
163578.8614
163629.9364
163674.3055
163732.8221
163780.7888
163828.7555
163876.8888
163935.1805
163990.1305
164043.8138
164096.1805
164147.3638
164205.7971
164451.1305
164485.7971
164544.6305
164598.6305
164646.7971
164699.4971
164755.7971
164803.8138
164862.2221
164921.8555
164975.0400
165053.6590
165116.3709
165163.7328
165219.4590
165270.6019
165315.4622
165356.2356
165402.5801
165448.2245
165486.6420
165523.8705
165566.5301
165614.3634
165657.9301
165696.0801
165836.1301
165894.1634
165959.7396
166022.3158
166072.6793
166117.6221
166169.6816
166219.0745
166272.5745
166325.6078
166367.2412
166412.5912
166467.6578
166514.8078
166570.9912
166628.0912
166676.9578
166721.8293
166764.8626
166909.1737
166944.4237
167002.6500
167041.3111
167091.7444
167144.4816
167176.1529
167207.5450
167265.1545
167310.7212
167355.5212
167408.3212
167692.6878
167747.3212
167792.7989
167862.4696
167916.5029
167974.9862
168019.4696
168060.5585
168103.2973
168142.4973
168186.3140
168239.6473
168291.7307
168339.9140
168387.9307
168432.8140
168486.2569
168539.6997
168586.7997
168632.5164
168671.2719
168713.0553
168860.3886
168923.9553
168969.7886
169017.3997
169052.9005
169089.0100
169130.3267
169170.8434
169210.2767
169258.8934
169300.0767
169341.7510
169379.2863
169418.8696
169467.3030
169510.0696
169543.9367
169582.3285
169626.9345
169665.9345
169706.6067
169765.3067
169806.5067
169844.1734
169886.4520
169954.8710
169994.7726
170040.7539
170081.8101
170122.6762
170163.3837
170203.9562
170244.4127
170284.7681
170325.0348
170361.9431
170402.5299
170440.9604
170478.4418
170512.9332
170550.6079
170597.7340
170639.6241
170677.6403
170714.0085
170749.7641
170785.1805
170820.4240
170856.2398
170948.5256
170967.6258
171005.8297
171043.4017
171076.5371
171108.4429
171142.7034
171167.6825
171201.3917
171246.8117
171283.3974
171318.7641
171349.7974
171409.3974
171458.3974
171498.6474
171538.3641
171583.6831
171623.9073
171663.1696
171700.0264
171777.9125
171855.0816
171899.9881
171943.8994
171981.5229
172019.8824
172057.3229
172111.4109
172177.0736
172233.4236
172286.7284
172330.5356
172372.0546
172408.7463
172450.0292
172502.5285
172551.5313
172599.1907
172646.0971
172692.5087
172738.5653
172784.3526
172829.9275
172875.3300
172920.5894
172965.7280
173010.7631
173055.7084
173106.0540
173155.2411
173199.5748
173256.1032
173302.8976
173379.7310
173466.0643
173531.2310
173577.7929
173632.4762
173681.8429
173721.7345
173791.2691
173840.4214
173881.1714
173925.5103
173975.9103
174028.3088
174078.8144
174122.8866
174167.5866
174208.6080
174252.1795
174294.3461
174336.5628
174375.2461
174412.4628
174450.9961
174489.9485
174524.8890
174558.2104
174590.7739
174685.6628
174723.3461
174753.8306
174783.9172
174831.6338
174869.9579
174896.9555
174935.6505
174998.0433
175054.0020
175093.8835
175136.1585
175172.5347
175207.2109
175240.5204
175273.2752
175305.4875
175337.3279
175365.3094
175407.4928
175442.7344
175486.0344
175536.6202
175579.6327
175620.6118
175688.5404
175728.4594
175766.1261
175808.6618
175846.1904
175898.6269
175940.0786
175972.6101
176006.1369
176050.4494
176093.5058
176130.5851
176177.8676
176224.1620
176256.7971
176285.5535
176322.1693
176354.9764
176390.5500
176422.5936
176451.2821
176492.3928
176542.9443
176590.9967
176632.8060
176674.4142
176750.7047
176794.9719
176842.1978
176879.6609
176909.9561
176947.4005
176988.8400
177025.6579
177084.8979
177130.8337
177174.0694
177211.8027
177247.8860
177413.4360
177443.8995
177531.5440
177583.4995
177629.6170
177688.0405
177746.2299
177798.5171
177849.3429
177895.1536
177931.6488
177970.1905
178022.1072
178069.7905
178113.3905
178154.0572
178189.8881
178226.4250
178267.1734
178313.2718
178348.3192
178394.6428
178442.5062
178484.5077
178564.9816
178613.0309
178686.3142
178724.5976
178775.3892
178820.5861
178868.1123
178929.6646
178970.5492
179022.0825
179069.5992
179110.1325
179148.1992
179185.3515
179243.8265
179284.1361
179324.2448
179380.8496
179412.2758
179455.2480
179512.4730
179574.9417
179615.4921
179653.1782
179701.4970
179740.5343
179776.3849
179809.1913
179840.8167
179882.7659
179934.1242
179965.8909
180028.1576
180080.5671
180120.7068
180159.2988
180195.9905
180251.7684
180293.8867
180335.4866
180372.9578
180407.2355
180446.9412
180480.2959
180510.1834
180538.4915
180565.5121
180593.1441
180625.9834
180679.0163
180722.9895
180765.5365
180810.3137
180843.4687
180875.6983
180906.3504
180935.4709
180976.3567
181022.1997
181077.1997
181096.0521
181131.4632
181159.6933
181192.8223
181232.9188
181273.0290
181308.6115
181342.6139
181377.4829
181410.6996
181457.0996
181498.6307
181538.6510
181580.8290
181622.9370
181661.9116
181698.8857
181741.7511
181786.6649
181828.6786
181869.3299
181907.7555
181946.0749
181990.6572
182027.3045
182138.5393
182158.4049
182199.1442
182237.0615
182281.6563
182314.1611
182349.8944
182384.9777
182422.1444
182463.4777
182503.5944
182540.3349
182571.2706
182606.4682
182640.8492
182678.5619
182716.7119
182749.5444
182781.8444
183002.3444
183023.0777
183059.7944
183096.5301
183138.9634
183206.8968
183256.1634
183309.5634
183370.7301
183411.9515
183465.5730
183511.4444
183546.8158
183595.0658
183679.6658
183735.0658
183807.2325
183852.3992
183902.1492
183951.2325
184020.2492
184070.6325
184121.4492
184166.4658
184215.1182
184318.7087
184362.4031
184401.5397
184448.7791
184509.2385
184565.5455
184612.9416
184660.4666
184711.9256
184759.4227
184804.6613
184846.6465
184895.1659
184936.7195
184976.7535
185023.9416
185072.0704
185119.5603
185168.5206
185212.5206
185255.0373
185296.5421
185343.4540
185441.2651
185575.4317
185620.7651
185662.0984
185701.9817
185750.8151
185795.5984
185839.0484
185881.5436
185926.7055
185977.1305
186026.9770
186075.9353
186129.4575
186177.4841
186218.2643
186265.4254
186306.3532
186345.4905
186386.4477
186428.8596
186476.6096
186531.6929
186582.3263
186642.4286
186823.8453
186884.2699
186937.2969
186995.9302
187048.4302
187092.7636
187139.0969
187184.0302
187233.6397
187296.7016
187342.6016
187386.1850
187434.2933
187489.1850
187551.7516
187605.5183
187693.3905
187740.1655
187787.0405
187836.3786
187883.1810
187921.7643
187962.6985
188001.4925
188036.4077
188076.7299
188122.7898
188164.4645
188202.6119
188228.9201
188275.7568
188325.2762
188371.6984
188419.9762
188457.3544
188493.1289
188545.1705
188617.1967
188660.9467
188716.3586
188770.8444
188812.2110
188850.3944
188896.2444
188937.0896
188978.4479
189024.9003
189069.7336
189222.3968
189263.1849
189306.5887
189348.9721
189382.9466
189412.6881
189454.7684
189500.4862
189546.4118
189588.5527
189631.7351
189671.8770
189713.6960
189752.7589
189793.7556
189831.2785
189867.4217
189903.2891
189936.9133
189975.5784
190120.3874
190157.7386
190194.6167
190228.9898
190261.5903
190300.8316
190367.6950
190404.0944
190439.4732
190486.6265
190528.5136
190567.3970
190605.1160
190648.7017
190688.8065
190734.9232
190826.7232
190872.5993
190917.5255
190959.9255
191002.4017
191038.4684
191094.4434
191188.6101
191208.7601
191248.0767
191293.2434
191343.8196
191391.0815
191437.1363
191473.0220
191505.9220
191538.3553
191583.2636
191624.0053
191671.1220
191723.6696
191776.2839
191821.8267
192057.0093
192093.8093
192124.3704
192159.8954
192265.4743
192311.1077
192354.5410
192397.2743
192438.2291
192480.2339
192517.3839
192557.9228
192600.4751
192652.1022
192698.4994
192742.4469
192776.2350
192807.2725
192838.6058
193002.5225
193058.4677
193097.8427
193140.9106
193191.3951
193239.3820
193291.3189
193340.0784
193390.7625
193433.0399
193474.4801
193517.4540
193569.6328
193621.6495
193679.3828
193732.9828
193956.4828
193998.1328
194039.7495
194089.5162
194146.4812
194196.3209
194250.3807
194296.9483
194341.1579
194384.4461
