0.1851
0.1721
0.2002
0.1801
0.1911
0.1701
0.2322
0.1821
0.1761
0.1781
0.2032
0.1701
0.1841
0.1721
0.2181
0.1821
0.1971
0.1741
0.1821
0.2011
0.1701
0.1801
0.2312
0.1881
0.1801
0.1711
0.2041
0.1791
0.2041
0.1681
0.1811
0.1981
0.1731
0.1791
0.2042
0.1711
0.1761
0.2021
0.1711
0.1961
0.1681
0.1711
0.1781
0.1941
0.1711
0.1771
0.2021
0.1701
0.1771
0.2361
0.2092
0.1771
0.2542
0.2322
0.2482
0.2301
0.2201
0.2231
0.2282
0.2482
0.2291
0.2201
0.2181
0.2342
0.2192
0.2472
0.4483
0.4393
0.4503
0.4233
0.4563
0.4183
0.4863
0.4573
0.4313
0.4643
0.4223
0.4593
0.4453
0.4283
0.4703
0.4233
0.2512
0.2582
0.2642
0.3272
0.4273
0.4473
0.4333
0.4523
0.4283
0.4723
0.4153
0.4513
0.4193
0.4343
0.4293
0.4653
0.4603
0.4223
0.4453
0.4633
0.4183
0.4733
0.4183
0.4343
0.4453
0.4213
0.4683
0.4223
0.4373
0.4573
0.4223
0.5073
0.4633
0.4323
0.4313
0.4223
0.4623
0.2241
0.2272
0.2191
0.2182
0.2472
0.2442
0.2532
0.2552
0.3042
0.3172
0.2682
0.2231
0.2271
0.2231
0.2302
0.2672
0.2442
0.2502
0.2542
0.2602
0.2652
0.2552
0.2212
0.2201
0.2302
0.2182
0.2451
0.2512
0.2692
0.2421
0.2472
0.2222
0.2211
0.2322
0.2602
0.2562
0.2472
0.2542
0.2472
0.2522
0.2211
0.2211
0.2392
0.2592
0.2632
0.2482
0.2542
0.2562
0.2422
0.2211
0.2192
0.2261
0.2222
0.2302
0.2462
0.2692
0.2471
0.2372
0.2212
0.2212
0.2321
0.2472
0.2542
0.2482
0.2772
0.2192
0.2221
0.2242
0.2191
0.2312
0.2241
0.2232
0.2461
0.2371
0.2191
0.2181
0.2522
0.2502
0.2582
0.2482
0.2311
0.2532
0.2462
0.2192
0.2181
0.2322
0.2472
0.2692
0.2191
0.2232
0.2212
0.2181
0.2321
0.2582
0.2532
0.2472
0.2552
0.2442
0.2482
0.2172
0.2192
0.2281
0.2472
0.2522
0.2451
0.2761
0.2191
0.2181
0.2262
0.2192
0.2432
0.2432
0.2262
0.2221
0.2192
0.2252
0.2202
0.3453
0.4173
0.4253
0.4503
0.4162
0.4643
0.4523
0.4203
0.4703
0.4432
0.4323
0.4363
0.4583
0.4563
0.2191
0.2332
0.2452
0.2301
0.2622
0.2572
0.2422
0.2571
0.2251
0.2552
0.2212
0.2472
0.2262
0.2532
0.2282
0.2301
0.2712
0.2241
0.2502
0.2462
0.2552
0.2181
0.2192
0.2282
0.2562
0.2292
0.2472
0.2291
0.2572
0.2562
0.2502
0.2262
0.2462
0.2542
0.2241
0.2342
0.2222
0.2422
0.2572
0.2512
0.2382
0.2582
0.2582
0.2201
0.2662
0.2452
0.2532
0.2182
0.2531
0.2202
0.3042
0.2812
0.2192
0.2231
0.2462
0.2292
0.2452
0.2352
0.2461
0.2622
0.2192
0.2542
0.2211
0.2522
0.2182
0.2411
0.2232
0.2542
0.2272
0.2592
0.2382
0.2472
0.2312
0.2422
0.2311
0.2452
0.2261
0.2182
0.2392
0.2202
0.2221
0.2372
0.2402
0.2462
0.2462
0.2712
0.2462
0.2852
0.2371
0.2562
0.2242
0.2782
0.2702
0.4523
0.4423
0.4223
0.4573
0.4343
0.4613
0.4213
0.4243
0.4423
0.4483
0.4243
0.4333
0.4453
0.4343
0.4353
0.4363
0.4433
0.4813
0.4483
0.2862
0.4153
0.4223
0.4613
0.4143
0.4343
0.4143
0.4173
0.4263
0.4163
0.4353
0.4503
0.4323
0.4743
0.4163
0.4233
0.4303
0.4203
0.4403
0.4503
0.4803
0.4423
0.4513
0.4213
0.4423
0.4553
0.4233
0.4493
0.4493
0.4313
0.4423
0.4443
0.4373
0.2591
0.4213
0.4313
0.4503
0.4393
0.4603
0.4443
0.4403
0.4643
0.4423
0.4403
0.4503
0.4403
0.4563
0.4573
0.4423
0.4333
0.4503
0.4453
0.4353
0.4713
0.2812
0.4613
0.4443
0.4583
0.4533
0.4563
0.4243
0.4373
0.4353
0.4533
0.4583
0.3392
0.4423
0.4453
0.4223
0.4753
0.4183
0.4223
0.4293
0.4593
0.4263
0.4773
0.4233
0.4713
0.4573
0.4363
0.4523
0.4593
0.4383
0.4493
0.4443
0.4623
