0.0600
0.0601
0.0630
0.0620
0.0781
0.1181
0.1361
0.1511
0.1211
0.1211
0.1521
0.1160
0.1611
0.1211
0.1181
0.1501
0.1160
0.1581
0.1331
0.1171
0.1456
0.1161
0.1590
0.0640
0.0640
0.0610
0.0880
0.0610
0.0981
0.0861
0.0841
0.1201
0.1591
0.1171
0.1491
0.1221
0.1281
0.1161
0.1481
0.1141
0.1711
0.1231
0.1171
0.1361
0.1160
0.1211
0.1211
0.1171
0.1621
0.1181
0.1551
0.1181
0.1621
0.1191
0.0951
0.0640
0.0881
0.0630
0.0731
0.0630
0.0610
0.0650
0.0690
0.0951
0.0801
0.1271
0.1521
0.1661
0.1541
0.1631
0.1491
0.1641
0.1701
0.1491
0.1741
0.1571
0.1781
0.1771
0.1841
0.1541
0.1771
0.1871
0.1591
0.1501
0.1791
0.1801
0.0820
0.0790
0.1030
0.1061
0.0780
0.0840
0.0810
0.1251
0.1511
0.1931
0.1931
0.1491
0.1711
0.1821
0.1551
0.1772
0.1781
0.1581
0.1581
0.1141
0.0791
0.1061
0.0811
0.0791
0.1121
0.1061
0.0791
0.0831
0.0780
0.1141
0.1060
0.0781
0.0871
0.0791
0.1091
0.0811
0.1191
0.0841
0.0791
0.1061
0.0780
0.1140
0.0820
0.1031
0.1511
0.1751
0.1561
0.1521
0.1871
0.1541
0.1581
0.1521
