0.1091
0.1421
0.1161
0.1101
0.1101
0.1131
0.1301
0.1151
0.1121
0.1120
0.1261
0.1081
0.1131
0.1091
0.1101
0.1781
0.1471
0.1431
0.1426
0.1411
0.1491
0.1681
0.1411
0.1671
0.1461
0.1651
0.1411
0.1571
0.1441
0.1421
0.1691
0.1461
0.1421
0.1401
0.1401
0.1461
0.1411
0.1631
0.1681
0.1441
0.1711
0.1491
0.1481
0.1431
0.1441
0.1571
0.2952
0.2922
0.3052
0.2702
0.3032
0.3282
0.2772
0.3022
0.2712
0.3052
0.2782
0.2662
0.2802
0.2742
0.2922
0.2792
0.2712
0.3132
0.2822
0.2722
0.2842
0.3022
0.2802
0.2812
0.2952
0.2852
0.2882
0.2782
0.2762
0.2902
0.2872
0.2712
0.1761
0.2742
0.2942
0.2782
0.2662
0.2882
0.2752
0.2692
0.3042
0.2702
0.2932
0.2832
0.2692
0.3032
0.2712
0.2682
0.2832
0.2992
0.2762
0.2692
0.2962
0.2832
0.2091
0.2672
0.2742
0.2752
0.2782
0.2682
0.2972
0.2762
0.3082
0.2772
0.2752
0.3022
0.2782
0.2362
0.2732
0.2682
0.2922
0.2962
0.2682
0.3072
0.2922
0.3042
0.2732
0.2972
0.1491
0.1691
0.1431
0.1511
0.1451
0.1401
0.1401
0.1471
0.1421
0.1411
0.1421
0.1471
0.1421
0.1441
0.1571
0.1461
0.1421
0.1401
0.1481
0.2582
0.2712
0.2722
0.2722
0.3032
0.2682
0.2672
0.2782
0.3012
0.2802
0.2692
0.2662
0.2972
0.2692
0.2852
0.2722
0.2702
0.2782
0.3012
0.2772
0.2702
0.2972
0.1811
0.3062
0.3042
0.2942
0.2662
0.2822
0.2952
0.2882
0.2672
0.3032
0.2722
0.1401
0.1441
0.1431
0.1411
0.1401
0.1451
0.1681
0.1681
0.1491
0.1671
0.1701
0.1471
0.1671
0.1411
0.1621
0.1631
0.1711
0.1471
0.1711
0.1681
0.1571
0.1651
0.1721
0.1481
0.1651
0.1721
0.1481
0.1661
0.1401
0.1461
0.1851
0.1421
0.1461
0.1791
0.1411
0.1601
0.1431
0.1731
0.1451
0.1741
0.1401
0.1491
0.1601
0.1821
0.1501
0.1731
0.1401
0.1471
0.1721
0.1611
0.1471
0.1671
0.1691
0.1871
0.1411
0.1701
0.1741
0.1681
0.1401
0.1811
0.1411
0.1681
0.1581
0.1431
0.2152
0.2192
0.1431
0.1401
0.1481
0.1421
0.1401
0.1501
0.1401
0.1661
0.1581
0.1701
0.1411
0.1471
0.1401
0.1701
0.1641
0.1401
0.1481
0.1751
0.1401
0.2582
0.2802
0.2712
0.2912
0.2662
0.2672
0.2792
0.2692
0.2742
0.2692
0.2692
0.2802
0.2671
0.2732
0.2682
0.2682
0.2832
0.2732
0.2782
0.2962
0.3102
0.1401
0.1911
0.2782
0.2652
0.2942
0.2712
0.2662
0.2792
0.3012
0.2752
0.2712
0.2742
0.2758
