0.0003
0.0005
0.0007
0.0009
0.0013
0.0015
0.0017
0.0019
0.0021
0.0023
0.0025
0.0027
0.0029
0.0031
0.0033
0.0035
0.0037
0.0039
0.0041
0.0043
0.0045
0.0047
0.0049
0.0051
0.0053
0.0055
0.0057
0.0059
0.0061
0.0063
0.0065
0.0067
0.0069
0.0071
0.0073
0.0075
0.0077
0.0079
0.0081
0.0083
0.0085
0.0087
0.0089
0.0091
0.0093
0.0095
0.0097
0.0099
0.0101
0.0103
0.0105
0.0107
0.0109
0.0111
0.0113
0.0115
0.0117
0.0119
0.0121
0.0123
0.0125
0.0127
0.0129
0.0131
0.0133
0.0137
0.0141
0.0145
0.0149
0.0153
0.0157
0.0161
0.0165
0.0169
0.0173
0.0177
0.0181
0.0185
0.0189
0.0193
0.0197
0.0199
0.0201
0.0203
0.0205
0.0209
0.0213
0.0217
0.0221
0.0225
0.0229
0.0233
0.0237
0.0241
0.0245
0.0248
0.0250
0.0252
0.0254
0.0256
0.0258
0.0260
0.0262
0.0264
0.0266
0.0268
0.0270
0.0272
0.0274
0.0276
0.0278
0.0280
0.0282
0.0284
0.0286
0.0288
0.0290
0.0292
0.0315
0.0318
0.0320
0.0321
0.0323
0.0325
0.0327
0.0329
0.0331
0.0333
0.0335
0.0337
0.0339
0.0341
0.0343
0.0345
0.0347
0.0349
0.0351
0.0353
0.0355
0.0357
0.0359
0.0361
0.0363
0.0365
0.0367
0.0369
0.0371
0.0373
0.0375
0.0377
0.0379
0.0381
0.0383
0.0385
0.0387
0.0389
0.0391
0.0393
0.0395
0.0397
0.0399
0.0401
0.0403
0.0405
0.0407
0.0409
0.0411
0.0413
0.0415
0.0417
0.0419
0.0421
0.0423
0.0425
0.0427
0.0429
0.0431
0.0433
0.0435
0.0437
0.0439
0.0441
0.0443
0.0444
0.0446
0.0448
0.0450
0.0452
0.0454
0.0456
0.0458
0.0460
0.0462
0.0464
0.0466
0.0468
0.0470
0.0472
0.0474
0.0476
0.0478
0.0480
0.0482
0.0484
0.0486
0.0488
0.0490
0.0492
0.0494
0.0496
0.0498
0.0500
0.0502
0.0504
0.0506
0.0508
0.0510
0.0512
0.0514
0.0516
0.0518
0.0520
0.0522
0.0524
0.0526
0.0528
0.0530
0.0532
0.0534
0.0536
0.0538
0.0540
0.0542
0.0545
0.0547
0.0549
0.0556
0.0559
0.0562
0.0566
0.0570
0.0573
0.0575
0.0578
0.0582
0.0586
0.0590
0.0594
0.0598
0.0600
0.0602
0.0604
0.0606
0.0608
0.0610
0.0612
0.0614
0.0616
0.0618
0.0620
0.0622
0.0624
0.0626
0.0628
0.0630
0.0632
0.0634
0.0636
0.0638
0.0640
0.0642
0.0644
0.0646
0.0648
0.0650
0.0652
0.0654
0.0656
0.0658
0.0660
0.0662
0.0664
0.0666
0.0668
0.0670
0.0672
0.0674
0.0676
0.0678
0.0680
0.0682
0.0684
0.0686
0.0688
0.0690
0.0692
0.0694
0.0696
0.0697
0.0699
0.0701
0.0703
0.0705
0.0707
0.0709
0.0711
0.0713
0.0715
0.0717
0.0719
0.0721
0.0723
0.0725
0.0727
0.0729
0.0731
0.0733
0.0735
0.0737
0.0739
0.0741
0.0743
0.0745
0.0747
0.0749
0.0751
0.0753
0.0755
0.0757
0.0759
0.0761
0.0763
0.0765
0.0767
0.0769
0.0771
0.0773
0.0775
0.0777
0.0779
0.0781
0.0783
0.0786
0.0788
0.0792
0.0796
0.0800
0.0804
0.0816
0.0820
0.0824
0.0826
0.0828
0.0830
0.0832
0.0834
0.0836
0.0838
0.0840
0.0842
0.0845
0.0847
0.0851
0.0855
0.0858
0.0862
0.0865
0.0869
0.0872
0.0876
0.0879
0.0883
0.0886
0.0890
0.0894
0.0898
0.0902
0.0905
0.0909
0.0913
0.0916
0.0919
0.0923
0.0927
0.0931
0.0935
0.0939
0.0943
0.0947
0.0951
0.0955
0.0959
0.0963
0.0967
0.0970
0.0974
0.0978
0.0982
0.0986
0.0990
0.0994
0.0998
0.1002
0.1006
0.1010
0.1011
0.1012
0.1013
0.1014
0.1015
0.1016
0.1017
0.1018
0.1020
0.1022
0.1023
0.1027
0.1030
0.1032
0.1034
0.1036
0.1038
0.1040
0.1042
0.1044
0.1046
0.1048
0.1051
0.1053
0.1057
0.1059
0.1060
0.1064
0.1067
0.1070
0.1073
0.1076
0.1079
0.1081
0.1084
0.1086
0.1088
0.1091
0.1093
0.1095
0.1097
0.1100
0.1103
