61.0000
126.5000
195.0000
265.6667
356.0000
462.5000
537.0000
605.8333
669.8333
729.0000
786.5667
838.0500
912.0619
989.6869
1068.1869
1149.6869
1230.1869
1299.3536
1371.1869
1442.6869
1504.1869
1563.8536
1616.6869
1670.0036
1723.5036
1846.4036
1900.1369
1955.2202
2012.0893
2083.3155
2187.9821
2262.1488
2329.6488
2396.6488
2452.7155
2504.7821
2569.6155
2631.1155
2698.2821
2788.4488
2892.9488
2969.4488
3040.2821
3116.4488
3188.3488
3256.1821
3315.5155
3496.6821
3574.1821
3645.6821
3712.8488
3788.8488
3865.3488
3933.1821
4001.5155
4062.8488
4123.0155
4186.0821
4246.9155
4311.4155
4381.9155
4450.2488
4515.5821
4592.4155
4668.9155
4741.7488
4811.4155
4878.2488
4937.0821
5004.0821
5078.0821
5147.5821
5217.7488
5291.9155
5362.4155
5429.9155
5541.9155
5618.9155
5689.8321
5762.0321
5836.5655
5917.0655
5993.3988
6050.8155
6116.2988
6188.4655
6261.1321
6326.0488
6375.7988
6432.9988
6503.3321
6570.8321
6640.1655
6732.9988
6839.9988
6915.7488
6984.8321
7049.8321
7114.8321
7301.3321
7372.9988
7430.4988
7501.6655
7577.0821
7657.9155
7735.0821
7804.7488
7902.4155
7994.3321
8058.6655
8117.7488
8177.7988
8247.2988
8308.6321
8385.1321
8465.4655
8539.9655
8608.7988
8674.9655
8740.9655
8965.2155
9027.7155
9094.7155
9160.5488
9229.5488
9295.8821
9361.2155
9463.0488
9537.5488
9606.0488
9670.3821
9733.1821
9803.2488
9873.4821
9938.0488
9994.8821
10074.3821
10150.5488
10217.7155
10296.9655
10373.9655
10442.6321
10512.7988
10576.7988
10748.2988
10821.2988
10896.2988
10969.6321
11041.6321
11112.2988
11190.7988
11261.7988
11323.2988
11379.9655
11449.6988
11517.8655
11578.6988
11666.8655
11728.8655
11780.0321
11841.9488
11911.1988
11988.8655
12072.3655
12149.0321
12210.8655
12282.8655
12480.3655
12537.5321
12590.2821
12649.4655
12719.6321
12796.1321
12872.6321
12937.2988
13003.6321
13070.1321
13135.9655
13190.4655
13246.5488
13311.5488
13386.8821
13452.2155
13525.0488
13594.8821
13658.7155
13714.7155
13776.7155
13847.7155
14082.2155
14153.5488
14223.8821
14288.3821
14389.6321
14465.8821
14536.8821
14602.8821
14663.3821
14729.4488
