122400.0000
244771.5000
367116.0000
489433.5000
611727.0000
733977.6000
856183.2000
978360.3000
1100509.6500
1222636.0500
1344736.5000
1466814.1500
1588877.7857
1710916.5964
1832923.9071
1954899.7179
2076844.0286
2198756.8393
2320644.1500
2442499.9607
2564328.7714
2686136.5821
2807930.1429
2929715.0036
3051495.9643
3173266.6607
3295034.0571
3416789.5286
3538527.0857
3660242.4429
3781926.3000
3903565.1571
4025172.5143
4146761.8714
4268331.5786
4389886.5857
4511428.8429
4632949.1357
4754443.4786
4875913.8214
4997347.2643
5118738.7071
5240098.6500
5361440.5929
5482753.1357
5604040.1786
5725303.2214
5846552.6143
5967791.0571
6089000.2500
6210183.9429
6331336.1357
6452456.8286
6573546.0214
6694612.7143
6815651.6571
6936667.6500
7057666.2429
7178647.4357
7299607.6286
7420542.3214
7541445.5143
7662324.7071
7783180.5000
7904004.7929
8024797.5857
8145558.8786
8266301.4214
8387021.0143
8507719.6071
8628392.7000
8749041.0429
8869658.9357
8990251.3286
9110812.2214
9231341.6143
9351844.0071
9472335.9000
9592805.2929
9713244.6857
9833652.5786
9954028.9714
10074373.8643
10194694.0071
10314994.9500
10435264.3929
10555508.3357
10675733.5286
10795932.7714
10916115.0643
11036271.8571
11156397.1500
11276495.4429
11396569.7357
11516601.1286
11636587.5214
11756542.4143
11876479.3071
11996395.8000
12116285.2929
12236164.2857
12356020.0286
12475854.7714
12595658.0143
12715429.7571
12835170.0000
12954878.7429
13074555.9857
13194188.2286
13313784.4714
13433356.7143
13552914.1071
13672450.2000
13791954.7929
13911436.8857
14030891.2286
14150315.1214
14269707.5143
14389068.4071
14508400.8000
14627711.4429
14747007.0857
14866282.4786
14985532.3714
15104755.2643
15223946.6571
15343114.0500
15462258.0429
15581357.0357
15700424.5286
15819468.0214
15938488.1143
16057476.7071
16176433.8000
16295363.1429
16414275.5357
16533167.5286
16652025.0214
16770851.0143
16889653.7571
17008425.0000
17127164.7429
17245872.9857
17364549.7286
17483203.2214
17601846.2143
17720459.9571
17839042.2000
17957592.9429
18076115.1857
18194605.9286
18313065.1714
18431497.4143
18549913.9071
18668320.8000
18786705.3429
18905062.8857
19023397.9286
19141709.5714
19259998.7143
19378273.6071
19496527.5000
19614749.8929
19732940.7857
19851100.1786
19969234.8214
20087346.5143
20205426.7071
20323496.4000
20441552.5929
20559584.3357
20677593.2786
20795570.7214
20913516.6643
21031431.1071
21149318.5500
21267174.4929
21385004.9357
21502806.8786
21620585.5714
21738343.2643
21856075.4571
21973776.1500
22091449.8429
22209099.5357
22326719.8286
22444313.1214
22561885.4143
22679432.2071
22796947.5000
22914452.2929
23031927.8357
23149377.8786
23266807.6714
23384201.0143
23501562.8571
23618893.2000
23736199.5429
23853480.9857
