0.1701
0.1851
0.1711
0.1701
0.1861
0.1701
0.1941
0.2101
0.1811
0.1901
0.1711
0.1881
0.2051
0.1761
0.2311
0.1701
0.1711
0.1711
0.1881
0.1701
0.3222
0.3433
0.3202
0.3542
0.3232
0.3312
0.3312
0.3232
0.3702
0.3222
0.3332
0.3262
0.3272
0.3382
0.3252
0.3852
0.3442
0.3412
0.3232
0.3282
0.1831
0.1711
0.1721
0.2011
0.1711
0.1691
0.1731
0.1901
0.2061
0.1701
0.1921
0.1701
0.1741
0.1791
0.1741
0.1751
0.3332
0.3292
0.3513
0.3392
0.3412
0.3542
0.3222
0.3572
0.3452
0.3262
0.3423
0.4033
0.5184
0.4783
0.4413
0.4623
0.4353
0.4453
0.2222
0.2382
0.2342
0.2271
0.2432
0.2232
0.2512
0.2232
0.2221
0.2372
0.2231
0.2301
0.2522
0.2222
0.2291
0.2242
0.2241
0.2612
0.2222
0.2222
0.2412
0.2211
0.2241
0.2302
0.2231
0.2422
0.2232
0.2292
0.2582
0.2241
0.2331
0.2452
0.2231
0.2342
0.2212
0.2232
0.2412
0.2222
0.2252
0.2392
0.2231
0.2512
0.2221
0.2221
0.2421
0.2301
0.1731
0.1971
0.1691
0.1711
0.1761
0.1801
0.2061
0.1911
0.1912
0.1741
0.1911
0.1901
0.2141
0.1731
0.1841
0.1901
0.1741
0.2182
0.1701
0.1731
0.1761
0.2031
0.3222
0.3792
0.3572
0.3392
0.3212
0.3222
0.3353
0.3432
0.3843
0.3252
0.3572
0.2912
0.3573
0.3412
0.3722
0.3202
0.3682
0.3292
0.3232
0.3403
0.3422
0.3693
0.3252
0.3723
0.3212
0.3342
0.3292
0.3232
0.3503
0.3302
0.3512
0.3422
0.3892
0.3262
0.3822
0.3222
0.3343
0.3372
0.3462
0.3543
0.3672
0.3612
0.1801
0.3843
0.3262
0.3302
0.3242
0.3232
0.3633
0.3382
0.3723
0.3432
0.3543
0.3302
0.3462
0.3622
0.3792
0.3242
0.3302
0.3312
0.3272
0.3492
0.3252
0.3802
0.3292
0.3502
0.3272
0.3502
0.1711
0.2061
0.1871
0.1721
0.1901
0.1971
0.1891
0.1701
0.2151
0.1701
0.2221
0.2032
0.1701
0.1711
0.2182
0.1711
0.1701
0.1871
0.1721
0.2031
0.1801
0.1741
0.1731
0.1761
0.2002
0.1711
0.1751
0.1831
0.1981
0.1771
0.2101
0.2101
0.1731
0.1891
0.1921
0.1701
0.1921
0.1701
0.1711
0.1881
0.1711
0.1701
0.2092
0.1711
0.2042
0.1901
0.1711
0.1711
0.2081
0.1991
0.1721
0.1871
0.1871
0.1731
0.1901
0.1981
0.1721
0.2001
0.1721
0.1721
0.1861
0.1991
0.3272
0.3342
0.3272
0.3462
0.3492
0.3582
0.3222
0.3613
0.3552
0.4003
0.3432
0.3562
0.3262
0.3482
0.3272
0.3402
0.3272
0.3272
0.3512
0.3332
0.1902
0.3252
0.3493
0.3342
0.3312
0.3412
0.3212
0.3382
0.3232
0.3563
0.3222
0.4513
0.3252
0.3643
0.3252
0.3432
0.3242
0.3362
0.3262
0.3262
0.3352
0.3242
0.3443
0.3462
0.3573
0.3612
0.3873
0.3483
0.3593
0.3292
0.3602
0.3502
0.2011
0.1751
0.1711
0.1751
0.1741
0.1711
0.1781
0.1841
0.1721
0.1981
0.1781
0.1721
0.1741
0.1821
0.1891
0.1711
0.1901
0.1741
0.1721
0.1841
0.1731
0.1751
0.2312
0.1721
0.1721
0.1861
0.1711
0.1711
0.2031
0.1721
0.1711
0.1981
0.1701
0.1731
0.1881
0.1951
0.2001
0.1971
0.2322
0.1701
0.2022
0.1962
0.2051
0.1861
0.1721
0.2111
0.1731
0.1721
0.1771
0.1741
0.1741
0.1771
0.1761
0.1741
0.1761
0.1821
0.1721
0.1821
0.1771
0.1731
0.2002
0.1751
0.1721
0.1751
0.1741
0.1711
0.1721
0.1751
0.1771
0.1741
0.2142
0.1721
0.2001
0.1751
0.1721
0.1991
0.2232
0.3252
0.3492
0.3242
0.3462
0.3632
0.3693
0.3242
0.3863
0.3562
0.3672
0.3252
0.3402
0.3242
0.3282
0.3282
0.3282
0.3362
0.3462
0.3533
0.3402
0.3502
0.3272
0.3753
0.3592
0.3652
0.3282
0.1871
0.1711
0.1741
0.1801
0.1721
0.1731
0.1821
0.1731
0.1711
0.1861
0.1721
0.1741
0.1821
0.1701
0.1731
0.1851
0.1721
0.1731
0.1851
0.1721
0.3413
0.3362
0.3212
0.3392
0.3252
0.3442
0.3553
0.3913
0.4673
0.4293
0.5023
0.4523
0.4984
0.4713
0.4263
0.4954
0.4473
0.4703
0.5104
0.4433
0.4803
0.2232
0.2342
0.2392
0.2482
0.2241
0.2672
0.2262
0.2221
0.2342
0.2222
0.2602
0.2232
0.2331
0.2222
0.2511
0.2252
0.2471
0.2402
0.2242
0.2702
0.2492
0.2422
0.2241
0.2231
0.2452
0.2242
0.2382
0.2281
0.2561
0.2472
0.2321
0.2301
0.2261
0.2392
0.2491
0.2592
0.2571
0.2702
0.2512
0.2462
0.2232
0.2471
0.2292
0.2531
0.2372
0.2461
0.2442
0.1711
0.1741
0.2272
0.2052
0.1731
0.1961
0.1921
0.2241
0.1731
0.2051
0.2231
0.1711
0.1991
0.1881
0.1721
0.1711
0.1921
0.1721
0.2081
0.1751
0.1721
0.2051
0.2061
0.1691
0.2081
0.1711
0.1981
0.1831
0.1711
0.1741
0.1781
0.1912
0.1791
0.1711
0.1941
0.2042
0.2101
0.1711
0.2091
0.1731
0.2612
0.1711
0.1901
0.3512
0.3232
0.3783
0.3242
0.3522
0.3212
0.3812
0.3432
0.3563
0.3262
0.3683
0.3582
0.4043
0.3242
0.3843
0.3272
0.3532
0.3402
0.3523
0.3282
0.3572
0.1981
0.3392
0.3242
0.3362
0.3222
0.3362
0.3242
0.3312
0.3252
0.3352
0.3292
0.3513
0.3282
0.3512
0.3302
0.3292
0.3342
0.3252
0.3372
0.3262
0.3573
0.3322
0.3653
0.3282
0.3573
0.3773
0.3362
0.3302
0.3582
0.3362
0.3703
0.3282
0.3593
0.3612
0.3413
0.3322
0.1911
0.1711
0.1952
0.1801
0.1701
0.1931
0.1751
0.1991
0.1881
0.1731
0.1771
0.2091
0.2051
0.2262
0.2051
0.1741
0.2011
0.1971
0.1721
0.1761
0.1741
0.2082
0.1721
0.1701
0.1931
0.1941
0.1741
0.2332
0.1731
0.1761
0.1771
0.1741
0.2051
0.1711
0.2031
0.1891
0.1731
0.1731
0.1791
0.1731
0.1801
0.1721
0.1701
0.2322
0.1721
0.1741
0.1991
0.1711
0.1731
0.1811
0.1721
0.1821
0.1731
0.1991
0.2001
0.1911
0.1901
0.1981
0.1711
0.1921
0.1801
0.1721
0.1901
0.1911
0.1721
0.1921
0.1711
0.1771
0.1741
0.1701
0.2061
0.2021
0.2262
0.1831
0.1711
0.1911
0.1731
0.1971
0.1841
0.1711
0.1721
0.1821
0.1701
0.1711
0.1871
0.1721
0.1771
0.1731
0.1701
0.1831
0.1741
0.2082
0.1871
0.1721
0.1781
0.1761
0.1711
0.1941
0.1801
0.1711
0.1901
0.1911
0.2111
0.1892
0.1711
0.1941
0.1911
0.1721
0.2071
0.2081
0.1721
0.1961
0.1921
0.1871
0.2061
0.1701
0.2152
0.1901
0.1751
0.1751
0.1721
0.2182
0.1731
0.1711
0.1931
0.1731
0.1711
0.1751
0.1721
0.1851
0.1721
0.1911
0.2232
0.1711
0.1721
0.1751
0.1711
0.1921
0.2092
0.2052
0.1831
0.1861
0.2792
0.2892
0.2682
0.2322
0.3182
0.2372
0.2422
0.2241
0.2702
0.2802
0.4933
0.4223
0.4233
0.4683
0.4313
0.4263
0.4493
0.4213
0.4353
0.4563
0.4243
0.4473
0.4333
0.4243
0.4753
0.4663
0.4243
0.4463
0.4273
0.4373
0.4633
0.4273
0.4443
0.2232
0.2282
0.2512
0.2292
0.2212
0.2332
0.2222
0.2412
0.2461
0.2632
0.2482
0.2682
0.2592
0.2752
0.2241
0.2552
0.2441
0.2402
0.2542
0.2712
0.2222
0.2932
0.2272
0.2692
0.2222
0.2321
0.2221
0.2342
0.2231
0.2232
0.2221
0.2242
0.2231
0.2222
0.2222
0.2242
0.2282
0.2231
0.2512
0.2231
0.2752
0.2242
0.1911
0.1901
0.1721
0.1841
0.2041
0.1911
0.1951
0.1951
0.1761
0.1751
0.1871
0.1891
0.2572
0.3322
0.3242
0.3252
0.3283
0.3232
0.3882
0.3232
0.3862
0.3443
0.3503
0.3452
0.4273
0.1711
0.1941
0.1781
0.1761
0.2222
0.1851
0.2101
0.1721
0.1711
0.2062
0.1951
0.1861
0.1711
0.1741
0.1891
0.1731
0.1751
0.1811
0.2011
0.1912
0.2021
0.1701
0.2002
0.1711
0.1941
0.1731
0.1721
0.1831
0.1711
0.1741
0.1721
0.1721
0.1881
0.1892
0.1721
0.1801
0.1751
0.1922
0.1701
0.1721
0.1992
0.1721
0.2001
0.1701
0.1711
0.1891
0.1721
0.1721
0.1701
0.1711
0.1881
0.1721
0.1721
0.1831
0.1911
0.1911
0.1711
0.1721
0.1801
0.2091
0.2011
0.1721
0.1851
0.1801
0.1891
0.1921
0.1721
0.1721
0.1741
0.1721
0.2061
0.1971
0.1801
0.1721
0.2052
0.1731
0.1751
0.2001
0.1721
0.2021
0.2071
0.1741
0.1711
0.1741
0.1721
0.1901
0.1841
0.2061
0.1760
0.1721
0.1731
0.1821
0.1721
0.2072
0.1921
0.1701
0.2091
0.1701
0.1801
0.1711
0.1701
0.3432
0.3252
0.3302
0.3212
0.3372
0.4673
0.4203
0.4293
0.4383
0.4433
0.4283
0.4523
0.4233
0.4293
0.4713
0.4533
0.2262
0.2252
0.2242
0.2221
0.2242
0.2231
0.2222
0.2221
0.2221
0.2231
0.2292
0.2232
0.2312
0.2221
0.2211
0.2241
0.2221
0.2232
0.2252
0.2252
0.2582
0.2612
0.2252
0.3583
0.2281
0.2382
0.2252
0.2632
0.2572
0.2452
0.3292
0.2511
0.2452
0.2242
0.2802
0.2222
0.2422
0.2282
0.2462
0.2262
0.2942
0.2592
0.2552
0.2482
0.2362
0.2241
0.2352
0.2252
0.2262
0.2602
0.2232
0.2632
0.2261
0.2351
0.2261
0.2621
0.2271
