0.0003
0.0005
0.0007
0.0009
0.0013
0.0015
0.0017
0.0019
0.0021
0.0023
0.0025
0.0027
0.0029
0.0031
0.0033
0.0035
0.0037
0.0039
0.0041
0.0043
0.0047
0.0051
0.0055
0.0059
0.0062
0.0065
0.0066
0.0068
0.0070
0.0072
0.0074
0.0078
0.0082
0.0086
0.0090
0.0093
0.0096
0.0099
0.0103
0.0105
0.0107
0.0109
0.0111
0.0113
0.0115
0.0117
0.0119
0.0121
0.0123
0.0124
0.0126
0.0128
0.0130
0.0132
0.0134
0.0135
0.0136
0.0137
0.0138
0.0138
0.0138
0.0138
0.0139
0.0141
0.0145
0.0149
0.0153
0.0157
0.0161
0.0165
0.0169
0.0173
0.0177
0.0179
0.0181
0.0183
0.0185
0.0186
0.0188
0.0189
0.0191
0.0193
0.0195
0.0197
0.0199
0.0201
0.0203
0.0205
0.0207
0.0209
0.0211
0.0213
0.0215
0.0217
0.0219
0.0221
0.0223
0.0225
0.0227
0.0229
0.0231
0.0233
0.0235
0.0237
0.0239
0.0241
0.0243
0.0245
0.0247
0.0249
0.0251
0.0253
0.0255
0.0257
0.0259
0.0261
0.0263
0.0265
0.0267
0.0269
0.0271
0.0273
0.0275
0.0277
0.0279
0.0281
0.0283
0.0285
0.0287
0.0289
0.0291
0.0293
0.0295
0.0297
0.0299
0.0301
0.0303
0.0305
0.0307
0.0309
0.0311
0.0313
0.0317
0.0321
0.0325
0.0329
0.0333
0.0337
0.0341
0.0345
0.0349
0.0353
0.0355
0.0359
0.0362
0.0366
0.0369
0.0371
0.0373
0.0377
0.0381
0.0385
0.0389
0.0391
0.0394
0.0397
0.0400
0.0403
0.0406
0.0408
0.0410
0.0411
0.0411
0.0413
0.0415
0.0417
0.0418
0.0418
0.0418
0.0418
0.0419
0.0421
0.0422
0.0424
0.0426
0.0430
0.0433
0.0436
0.0440
0.0443
0.0445
0.0447
0.0451
0.0452
0.0452
0.0452
0.0452
0.0452
0.0453
0.0453
0.0453
0.0454
0.0456
0.0458
0.0459
0.0459
0.0460
0.0461
0.0463
0.0464
0.0465
0.0465
0.0465
0.0466
0.0466
0.0468
0.0470
0.0471
0.0471
0.0471
0.0473
0.0475
0.0476
0.0478
0.0480
0.0481
0.0483
0.0484
0.0486
0.0488
0.0490
0.0490
0.0491
0.0491
0.0493
0.0495
0.0496
0.0496
0.0496
0.0497
0.0497
0.0497
0.0499
0.0501
0.0502
0.0504
0.0506
0.0508
0.0509
0.0510
0.0512
0.0514
0.0516
0.0518
0.0520
0.0522
0.0524
0.0526
0.0528
0.0530
0.0532
0.0534
0.0536
0.0538
0.0540
0.0542
0.0544
0.0546
0.0548
0.0550
0.0552
0.0554
0.0556
0.0558
0.0560
0.0562
0.0564
0.0566
0.0568
0.0570
0.0574
0.0578
0.0581
0.0584
0.0585
0.0588
0.0591
0.0594
0.0597
0.0600
0.0603
0.0605
0.0607
0.0609
0.0611
0.0613
0.0615
0.0617
0.0619
0.0623
0.0627
0.0631
0.0635
0.0638
0.0640
0.0641
0.0644
0.0647
0.0649
0.0652
0.0656
0.0660
0.0662
0.0664
0.0666
0.0670
0.0673
0.0676
0.0679
0.0682
0.0685
0.0688
0.0692
0.0694
0.0696
0.0698
0.0700
0.0702
0.0704
0.0706
0.0708
0.0710
0.0712
0.0714
0.0716
0.0718
0.0720
0.0722
0.0724
0.0726
0.0728
0.0730
0.0732
0.0734
0.0736
0.0738
0.0740
0.0742
0.0744
0.0746
0.0748
0.0750
0.0752
0.0754
0.0756
0.0758
0.0760
0.0762
0.0764
0.0766
0.0768
0.0770
0.0772
0.0774
0.0776
0.0778
0.0780
0.0782
0.0784
0.0786
0.0788
0.0790
0.0792
0.0794
0.0796
0.0798
0.0800
0.0802
0.0804
0.0806
0.0808
0.0810
0.0812
0.0814
0.0816
0.0818
0.0820
0.0822
0.0824
0.0826
0.0828
0.0830
0.0832
0.0834
0.0836
0.0838
0.0840
0.0842
0.0844
0.0846
0.0850
0.0854
0.0858
0.0862
0.0866
0.0868
0.0871
0.0874
0.0877
0.0879
0.0881
0.0883
0.0885
0.0887
0.0889
0.0891
0.0893
0.0895
0.0897
0.0897
0.0898
0.0901
0.0905
0.0907
0.0910
0.0913
0.0915
0.0916
0.0918
0.0920
0.0922
0.0924
0.0925
0.0927
0.0929
0.0931
0.0933
0.0935
0.0937
0.0939
0.0941
0.0943
0.0945
0.0947
0.0949
0.0951
0.0953
0.0955
0.0957
0.0959
0.0961
0.0965
0.0967
0.0969
0.0973
0.0975
0.0978
0.0981
0.0985
0.0987
0.0987
0.0990
0.0993
0.0996
0.0998
0.1000
0.1002
0.1004
0.1006
0.1008
0.1010
0.1012
0.1014
0.1016
0.1018
0.1020
0.1022
0.1024
0.1026
0.1028
0.1030
0.1032
0.1034
0.1036
0.1038
0.1040
0.1042
0.1044
0.1046
0.1048
0.1050
0.1052
0.1054
0.1056
0.1058
0.1060
0.1062
0.1064
0.1066
0.1068
0.1070
0.1072
0.1074
0.1076
0.1078
0.1080
0.1082
0.1084
0.1086
0.1088
0.1090
0.1092
0.1094
0.1096
0.1098
0.1100
0.1102
0.1104
0.1106
0.1108
0.1110
0.1112
0.1114
0.1116
0.1118
0.1120
0.1122
0.1124
0.1126
0.1128
0.1130
0.1132
0.1134
0.1136
0.1138
0.1140
0.1142
0.1144
0.1146
0.1148
0.1150
0.1152
0.1154
0.1156
0.1158
0.1160
0.1162
0.1164
0.1166
0.1168
0.1170
0.1172
0.1174
0.1176
0.1178
0.1180
0.1182
0.1184
0.1188
0.1192
0.1196
0.1200
0.1204
0.1208
0.1212
0.1216
0.1220
0.1224
0.1228
0.1231
0.1234
0.1235
0.1238
0.1241
0.1244
0.1247
0.1250
0.1253
0.1255
0.1257
0.1259
0.1261
0.1263
0.1265
0.1267
0.1269
0.1271
0.1273
0.1275
0.1277
0.1279
0.1281
0.1283
0.1285
0.1287
0.1289
0.1291
0.1293
0.1295
0.1297
0.1299
0.1301
0.1303
0.1305
0.1307
0.1309
0.1311
0.1313
0.1315
0.1317
0.1319
0.1321
0.1323
0.1325
0.1326
0.1328
0.1330
0.1332
0.1334
0.1336
0.1338
0.1340
0.1342
0.1344
0.1346
0.1348
0.1350
0.1352
0.1354
0.1356
0.1358
0.1360
0.1362
0.1364
0.1366
0.1368
0.1370
0.1372
0.1374
0.1376
0.1378
0.1380
0.1382
0.1384
0.1386
0.1388
0.1390
0.1392
0.1394
0.1396
0.1398
0.1400
0.1402
0.1404
0.1406
0.1408
0.1410
0.1412
0.1414
0.1416
0.1418
0.1420
0.1422
0.1424
0.1426
0.1428
0.1430
0.1432
0.1432
0.1434
0.1435
0.1437
0.1439
0.1441
0.1443
0.1445
0.1447
0.1449
0.1451
0.1453
0.1455
0.1457
0.1459
0.1461
0.1463
0.1465
0.1467
0.1469
0.1471
0.1473
0.1475
0.1477
0.1479
0.1481
0.1483
0.1485
0.1487
0.1489
0.1491
0.1493
0.1495
0.1497
0.1499
0.1501
0.1503
0.1505
0.1507
0.1509
0.1511
0.1513
0.1515
0.1517
0.1519
0.1521
0.1523
0.1525
0.1527
0.1529
0.1530
0.1531
0.1532
0.1533
0.1534
0.1535
0.1536
0.1537
0.1538
0.1539
0.1540
0.1541
0.1543
0.1545
0.1547
0.1549
0.1551
0.1553
0.1555
0.1557
0.1559
0.1561
0.1563
0.1565
0.1567
0.1569
0.1571
0.1573
0.1575
0.1577
0.1579
0.1581
0.1583
0.1584
0.1584
0.1586
0.1587
0.1588
0.1589
0.1590
0.1591
0.1592
0.1593
0.1594
0.1596
0.1598
0.1600
0.1602
0.1604
0.1607
0.1610
0.1613
0.1614
0.1617
0.1619
0.1623
0.1627
0.1631
0.1633
0.1635
0.1638
0.1640
0.1644
0.1646
0.1648
0.1650
0.1652
0.1654
0.1655
0.1657
0.1659
0.1661
0.1661
0.1663
0.1665
0.1667
0.1668
0.1669
0.1671
0.1672
0.1674
0.1676
0.1678
0.1680
0.1681
0.1683
0.1685
0.1686
0.1688
0.1689
0.1691
0.1693
0.1695
0.1697
0.1699
0.1701
0.1701
0.1703
0.1705
0.1707
0.1709
0.1711
0.1712
0.1714
0.1716
0.1718
0.1720
0.1722
0.1723
0.1725
0.1727
0.1729
0.1730
0.1731
0.1733
0.1734
0.1735
0.1736
0.1737
0.1739
0.1740
0.1741
0.1743
0.1745
0.1747
0.1749
0.1754
0.1756
0.1758
0.1761
0.1763
0.1766
0.1770
0.1774
0.1777
0.1780
0.1783
0.1786
0.1788
0.1790
0.1792
0.1794
0.1796
0.1798
0.1800
0.1802
0.1804
0.1806
0.1808
0.1810
0.1812
0.1814
0.1816
0.1818
0.1820
0.1822
0.1824
0.1826
0.1828
0.1830
0.1832
0.1834
0.1836
0.1838
0.1840
0.1842
0.1844
0.1846
0.1848
0.1850
0.1852
0.1854
0.1856
0.1858
0.1860
0.1862
0.1864
0.1866
0.1868
0.1870
0.1872
0.1874
0.1876
0.1878
0.1880
0.1882
0.1884
0.1886
0.1888
0.1890
0.1892
0.1894
0.1896
0.1898
0.1900
0.1902
0.1904
0.1906
0.1908
0.1910
0.1912
0.1914
0.1916
0.1918
0.1920
0.1922
0.1924
0.1926
0.1928
0.1930
0.1932
0.1934
0.1936
0.1938
0.1940
0.1942
0.1944
0.1946
0.1948
0.1950
0.1952
0.1954
0.1956
0.1958
0.1960
0.1962
0.1964
0.1966
0.1968
0.1970
0.1972
0.1974
0.1976
0.1978
0.1980
0.1982
0.1984
0.1986
0.1988
0.1990
0.1994
0.1997
0.2001
0.2005
0.2007
0.2008
0.2011
0.2014
0.2018
0.2022
0.2024
0.2028
0.2032
0.2036
0.2040
0.2042
0.2044
0.2046
0.2048
0.2050
0.2052
0.2054
0.2056
0.2058
0.2060
0.2062
0.2064
0.2066
0.2068
0.2070
0.2072
0.2074
0.2076
0.2078
0.2080
0.2082
0.2084
0.2086
0.2088
0.2090
0.2092
0.2094
0.2096
0.2098
0.2100
0.2102
0.2104
0.2106
0.2108
0.2110
0.2112
0.2114
0.2116
0.2118
0.2120
0.2122
0.2124
0.2126
0.2128
0.2130
0.2132
0.2134
0.2136
0.2138
0.2140
0.2142
0.2144
0.2146
0.2147
0.2148
0.2149
0.2150
0.2151
