0.0005
0.0009
0.0013
0.0016
0.0022
0.0028
0.0031
0.0034
0.0036
0.0040
0.0042
0.0044
0.0048
0.0052
0.0056
0.0060
0.0064
0.0067
0.0071
0.0075
0.0079
0.0081
0.0082
0.0082
0.0084
0.0084
0.0085
0.0087
0.0090
0.0094
0.0100
0.0104
0.0106
0.0108
0.0110
0.0112
0.0114
0.0118
0.0121
0.0126
0.0131
0.0135
0.0137
0.0141
0.0144
0.0147
0.0149
0.0151
0.0155
0.0158
0.0162
0.0166
0.0170
0.0172
0.0175
0.0178
0.0181
0.0184
0.0188
0.0192
0.0196
0.0199
0.0202
0.0206
0.0210
0.0214
0.0215
0.0218
0.0222
0.0226
0.0228
0.0232
0.0235
0.0239
0.0243
0.0247
0.0249
0.0253
0.0257
0.0261
0.0265
0.0269
0.0271
0.0273
0.0277
0.0280
0.0281
0.0285
0.0288
0.0292
0.0296
0.0300
0.0303
0.0309
0.0315
0.0319
0.0321
0.0323
0.0327
0.0329
0.0333
0.0336
0.0340
0.0344
0.0348
0.0352
0.0356
0.0362
0.0366
0.0369
0.0371
0.0374
0.0380
0.0383
0.0386
0.0390
0.0394
0.0398
0.0401
0.0403
0.0406
0.0410
0.0414
0.0418
0.0422
0.0425
0.0428
0.0434
0.0438
0.0441
0.0444
0.0448
0.0452
0.0455
0.0457
0.0461
0.0467
0.0471
0.0474
0.0478
0.0482
0.0486
0.0490
0.0493
0.0495
0.0499
0.0503
0.0507
0.0510
0.0514
0.0518
0.0522
0.0523
0.0524
0.0527
0.0531
0.0534
0.0537
0.0540
0.0542
0.0545
0.0549
0.0553
0.0557
0.0559
0.0562
0.0566
0.0568
0.0570
0.0574
0.0577
0.0581
0.0585
0.0589
0.0593
0.0597
0.0600
0.0603
0.0606
0.0610
0.0614
0.0618
0.0622
0.0625
0.0629
0.0633
0.0637
0.0641
0.0645
0.0647
0.0651
0.0654
0.0656
0.0660
0.0664
0.0668
0.0671
0.0675
0.0678
0.0682
0.0686
0.0689
0.0693
0.0697
0.0699
0.0702
0.0704
0.0706
0.0707
0.0711
0.0713
0.0717
0.0718
0.0721
0.0724
0.0726
0.0727
0.0731
0.0734
0.0736
0.0738
0.0741
0.0743
0.0746
0.0749
0.0753
0.0757
0.0760
0.0763
0.0767
0.0773
0.0776
0.0780
0.0784
0.0788
0.0792
0.0796
0.0799
0.0804
0.0807
0.0811
0.0815
0.0819
0.0823
0.0826
0.0831
0.0835
0.0838
0.0841
0.0844
0.0846
0.0849
0.0853
0.0857
0.0861
0.0865
0.0868
0.0871
0.0877
0.0880
0.0884
0.0885
0.0887
0.0888
0.0892
0.0894
0.0899
0.0903
0.0907
0.0911
0.0915
0.0921
0.0925
0.0928
0.0931
0.0935
0.0938
0.0942
0.0947
0.0951
0.0955
0.0959
0.0963
0.0967
0.0970
0.0972
0.0977
0.0979
0.0981
0.0985
0.0989
0.0992
0.0996
0.0999
0.1002
0.1004
0.1008
0.1012
0.1014
0.1016
0.1020
0.1026
0.1029
0.1033
0.1036
0.1038
0.1042
0.1046
0.1050
0.1053
0.1055
0.1059
0.1063
0.1067
0.1068
0.1072
0.1075
0.1079
0.1082
0.1086
0.1090
0.1095
0.1098
0.1102
0.1103
0.1105
0.1109
0.1112
0.1116
0.1122
0.1126
0.1130
0.1133
0.1136
0.1139
0.1146
0.1150
0.1154
0.1156
0.1159
0.1163
0.1167
0.1171
0.1175
0.1177
0.1179
0.1182
0.1186
0.1189
0.1193
0.1195
0.1197
0.1200
0.1202
0.1204
0.1206
0.1208
0.1210
0.1212
0.1216
0.1219
0.1221
0.1227
0.1229
0.1234
0.1240
0.1244
0.1247
0.1250
0.1254
0.1258
0.1262
0.1266
0.1270
0.1274
0.1276
0.1280
0.1282
0.1283
0.1285
0.1287
0.1291
0.1294
0.1297
0.1301
0.1304
0.1308
0.1312
0.1316
0.1318
0.1321
0.1323
0.1325
0.1327
0.1328
0.1330
0.1333
0.1336
0.1341
0.1344
0.1348
0.1352
0.1354
0.1357
0.1360
0.1361
0.1364
0.1365
0.1365
0.1366
0.1366
0.1367
0.1371
0.1373
0.1375
0.1377
0.1377
0.1380
0.1384
0.1386
0.1389
0.1392
0.1394
0.1397
0.1399
0.1401
0.1403
0.1403
0.1405
0.1405
0.1405
0.1407
0.1407
0.1408
0.1409
0.1409
0.1410
0.1411
0.1411
0.1413
0.1413
0.1416
0.1419
0.1421
0.1423
0.1423
0.1423
0.1423
0.1424
0.1426
0.1429
0.1432
0.1434
0.1437
0.1439
0.1443
0.1446
0.1449
0.1451
0.1453
0.1455
0.1455
0.1457
0.1458
0.1461
0.1464
0.1467
0.1470
0.1472
0.1474
0.1476
0.1476
0.1478
0.1481
0.1484
0.1488
0.1492
0.1493
0.1495
0.1498
0.1500
0.1502
0.1505
0.1507
0.1511
0.1515
0.1519
0.1522
0.1523
0.1525
0.1526
0.1528
0.1528
0.1530
0.1531
0.1532
0.1533
0.1534
0.1536
0.1538
0.1541
0.1542
0.1543
0.1545
0.1549
0.1551
0.1555
0.1559
0.1559
0.1559
0.1559
0.1560
0.1561
0.1561
0.1562
0.1563
0.1564
0.1566
0.1568
0.1570
0.1571
0.1572
0.1572
0.1573
0.1573
0.1574
0.1575
0.1576
0.1576
0.1578
0.1580
0.1582
0.1583
0.1585
0.1587
0.1589
0.1590
0.1592
0.1594
0.1595
0.1597
0.1599
0.1601
0.1602
0.1603
0.1603
0.1603
0.1604
0.1605
0.1605
0.1607
0.1609
0.1610
0.1612
0.1616
0.1619
0.1621
0.1623
0.1625
0.1629
0.1632
0.1633
0.1637
0.1637
0.1640
0.1643
0.1647
0.1651
0.1657
0.1661
0.1663
0.1667
0.1670
0.1673
0.1675
0.1678
0.1684
0.1687
0.1690
0.1691
0.1693
0.1696
0.1697
0.1697
0.1700
0.1703
0.1707
0.1710
0.1712
0.1714
0.1717
0.1719
0.1721
0.1722
0.1724
0.1724
0.1725
0.1728
0.1731
0.1733
0.1734
0.1737
0.1741
0.1746
0.1752
0.1754
0.1757
0.1759
0.1760
0.1763
0.1765
0.1766
0.1768
0.1770
0.1773
0.1775
0.1779
0.1779
0.1780
0.1781
0.1785
0.1789
0.1792
0.1796
0.1798
0.1800
0.1804
0.1806
0.1809
0.1813
0.1816
0.1820
0.1823
0.1827
0.1831
0.1835
0.1838
0.1842
0.1848
0.1850
0.1854
0.1858
0.1862
0.1866
0.1870
0.1874
0.1878
0.1884
0.1887
0.1891
0.1894
0.1895
0.1897
0.1899
0.1901
0.1903
0.1905
0.1906
0.1909
0.1915
0.1919
0.1923
0.1926
0.1929
0.1932
0.1936
0.1940
0.1943
0.1947
0.1949
0.1952
0.1957
0.1961
0.1965
0.1969
0.1972
0.1976
0.1980
0.1984
0.1988
0.1992
0.1995
0.1997
0.2000
0.2002
0.2003
0.2004
0.2008
0.2014
0.2018
0.2021
0.2024
0.2028
0.2031
0.2035
0.2038
0.2042
0.2044
0.2045
0.2050
0.2054
0.2058
0.2061
0.2065
0.2068
0.2072
0.2075
0.2082
0.2083
0.2086
0.2090
0.2093
0.2096
0.2100
0.2104
0.2108
0.2114
0.2118
0.2121
0.2125
0.2129
0.2131
0.2134
0.2138
0.2141
0.2146
0.2149
0.2151
0.2156
0.2159
0.2161
0.2162
0.2167
0.2172
0.2175
0.2177
0.2181
0.2185
0.2188
0.2190
0.2193
0.2195
0.2198
0.2200
0.2204
0.2207
0.2210
0.2214
0.2218
0.2221
0.2225
0.2229
0.2230
0.2234
0.2237
0.2239
0.2241
0.2243
0.2244
0.2245
0.2247
0.2248
0.2250
0.2252
0.2256
0.2256
0.2257
0.2258
0.2260
0.2260
0.2264
0.2267
0.2269
0.2273
0.2277
0.2280
0.2284
0.2288
0.2290
0.2294
0.2298
0.2302
0.2305
0.2309
0.2313
0.2317
0.2321
0.2324
0.2325
0.2326
0.2328
0.2331
0.2335
0.2336
0.2337
0.2338
0.2340
0.2341
0.2342
0.2343
0.2344
0.2344
0.2345
0.2348
0.2350
0.2352
0.2355
0.2358
0.2360
0.2362
0.2364
0.2367
0.2369
0.2372
0.2374
0.2377
0.2378
0.2380
0.2380
0.2381
0.2383
0.2386
0.2389
0.2392
0.2396
0.2399
0.2401
0.2402
0.2404
0.2405
0.2409
0.2411
0.2414
0.2414
0.2417
0.2419
0.2420
0.2421
0.2422
0.2425
0.2429
0.2432
0.2434
0.2436
0.2440
0.2443
0.2446
0.2447
0.2452
0.2456
0.2460
0.2464
0.2468
0.2472
0.2475
0.2479
0.2483
0.2487
0.2489
0.2491
0.2493
0.2497
0.2499
0.2500
0.2502
0.2505
0.2508
0.2510
0.2513
0.2522
0.2525
0.2528
0.2530
0.2531
0.2535
0.2538
0.2542
0.2545
0.2546
0.2550
0.2554
0.2558
0.2562
0.2563
0.2567
0.2571
0.2575
0.2579
0.2583
0.2586
0.2590
0.2596
0.2599
0.2601
0.2603
0.2606
0.2608
0.2608
0.2611
0.2615
0.2619
0.2623
0.2626
0.2631
0.2635
0.2638
0.2641
0.2644
0.2646
0.2650
0.2654
0.2658
0.2661
0.2666
0.2670
0.2674
0.2678
0.2681
0.2681
0.2684
0.2685
0.2688
0.2692
0.2696
0.2699
0.2702
0.2705
0.2708
0.2711
0.2713
0.2716
0.2716
0.2720
0.2722
0.2728
0.2731
0.2735
0.2739
0.2743
0.2747
0.2751
0.2754
0.2757
0.2762
0.2766
0.2770
0.2774
0.2778
0.2782
0.2785
0.2789
0.2792
0.2796
0.2800
0.2804
0.2808
0.2812
0.2814
0.2816
0.2817
0.2820
0.2822
0.2826
0.2830
0.2834
0.2838
0.2842
0.2846
0.2849
0.2852
0.2854
0.2856
0.2857
0.2859
0.2859
0.2860
0.2861
0.2865
0.2869
0.2873
0.2877
0.2881
0.2884
0.2890
0.2894
0.2895
0.2897
0.2900
0.2903
0.2904
0.2906
0.2909
0.2910
0.2912
0.2913
0.2916
0.2919
0.2921
0.2923
0.2926
0.2927
0.2929
0.2930
0.2933
0.2935
0.2946
0.2948
0.2950
0.2953
0.2956
0.2959
0.2962
0.2964
0.2966
0.2970
0.2974
0.2976
0.2980
0.2983
0.2987
0.2991
0.2994
0.2996
0.3002
0.3006
0.3009
0.3013
0.3018
0.3021
0.3024
0.3029
0.3033
0.3037
0.3041
0.3044
0.3048
0.3052
0.3056
0.3059
0.3062
0.3066
0.3068
0.3072
0.3076
0.3080
0.3083
0.3087
0.3091
0.3095
0.3098
0.3101
0.3105
0.3108
0.3111
0.3115
0.3118
0.3122
0.3126
0.3130
0.3134
0.3137
0.3141
0.3144
0.3146
0.3147
0.3150
0.3153
0.3156
0.3158
0.3159
0.3164
0.3166
0.3170
0.3174
0.3177
0.3179
0.3182
0.3186
0.3189
0.3192
0.3194
0.3196
0.3197
0.3199
0.3204
0.3206
0.3210
0.3213
0.3215
0.3217
0.3219
0.3225
0.3231
0.3235
0.3239
0.3242
0.3246
0.3249
0.3253
0.3257
0.3260
0.3264
0.3268
0.3272
0.3276
0.3280
0.3283
0.3285
0.3288
0.3290
0.3294
0.3298
0.3301
0.3306
0.3310
0.3314
0.3318
0.3322
0.3326
0.3330
0.3334
0.3337
0.3340
0.3343
0.3344
0.3348
0.3350
0.3350
0.3353
0.3357
0.3363
0.3365
0.3369
0.3375
0.3379
0.3381
0.3381
0.3383
0.3385
0.3386
0.3389
0.3397
0.3400
0.3402
0.3404
0.3405
0.3407
0.3411
0.3413
0.3417
0.3420
0.3423
0.3426
0.3428
0.3432
0.3435
0.3438
0.3440
0.3444
0.3447
0.3450
0.3454
0.3456
0.3459
0.3461
0.3463
0.3467
0.3471
0.3475
0.3479
0.3482
0.3486
0.3490
0.3492
0.3498
0.3501
0.3503
0.3506
0.3510
0.3513
0.3514
0.3517
0.3520
0.3522
0.3525
0.3525
0.3527
0.3529
0.3531
0.3533
0.3535
0.3537
0.3540
0.3544
0.3547
0.3550
0.3553
0.3557
0.3560
0.3563
0.3566
0.3570
0.3576
0.3579
0.3583
0.3586
0.3588
0.3590
0.3593
0.3596
0.3599
0.3604
0.3607
0.3611
0.3614
0.3617
0.3620
0.3624
0.3628
0.3632
0.3635
0.3640
0.3644
0.3647
0.3652
0.3656
0.3660
0.3662
0.3663
0.3667
0.3670
0.3672
0.3675
0.3678
0.3682
0.3685
0.3689
0.3693
0.3695
0.3697
0.3698
0.3707
0.3709
0.3711
0.3713
0.3717
0.3721
0.3723
0.3727
0.3731
0.3734
0.3736
0.3742
0.3745
0.3749
0.3753
0.3757
0.3761
0.3763
0.3765
0.3767
0.3769
0.3770
0.3772
0.3775
0.3779
0.3781
0.3785
0.3789
0.3793
0.3796
0.3798
0.3800
0.3803
0.3807
0.3811
0.3815
0.3819
0.3823
0.3829
0.3832
0.3836
0.3837
0.3839
0.3843
0.3847
0.3851
0.3856
0.3860
0.3863
0.3866
0.3869
0.3871
0.3875
0.3879
0.3885
0.3889
0.3891
0.3895
0.3897
0.3899
0.3905
0.3909
0.3913
0.3917
0.3921
0.3925
0.3929
0.3931
0.3935
0.3939
0.3942
0.3944
0.3946
0.3947
0.3949
0.3951
0.3952
0.3954
0.3956
0.3958
0.3960
0.3962
0.3962
0.3963
0.3965
0.3966
0.3968
0.3974
0.3978
0.3982
0.3987
0.3991
0.3995
0.3999
0.4003
0.4007
0.4010
0.4014
0.4017
0.4020
0.4024
0.4027
0.4029
0.4032
0.4038
0.4042
0.4046
0.4050
0.4053
0.4058
0.4062
0.4064
0.4067
0.4071
0.4074
0.4076
0.4077
0.4082
0.4089
0.4091
0.4093
0.4095
0.4096
0.4099
0.4103
0.4107
0.4111
0.4115
0.4117
0.4121
0.4126
0.4130
0.4134
0.4138
0.4142
0.4146
0.4148
0.4151
0.4152
0.4154
0.4155
0.4157
0.4163
0.4165
0.4166
0.4169
0.4172
0.4176
0.4178
0.4182
0.4186
0.4187
0.4187
0.4189
0.4189
0.4190
0.4192
0.4194
0.4198
0.4202
0.4203
0.4208
0.4211
0.4212
0.4215
0.4217
0.4220
0.4222
0.4223
0.4225
0.4228
0.4232
0.4234
0.4236
0.4237
0.4240
0.4242
0.4243
0.4245
0.4247
0.4249
0.4250
0.4251
0.4253
0.4254
0.4258
0.4261
0.4263
0.4264
0.4267
0.4271
0.4274
0.4277
0.4277
0.4280
0.4282
0.4285
0.4288
0.4290
0.4293
0.4295
0.4297
0.4300
0.4304
0.4306
0.4310
0.4312
0.4315
0.4318
0.4319
0.4322
0.4324
0.4327
0.4330
0.4334
0.4336
0.4339
0.4339
0.4340
0.4348
0.4352
0.4354
0.4358
0.4361
0.4363
0.4364
0.4365
0.4367
0.4373
0.4376
0.4378
0.4382
0.4386
0.4390
0.4393
0.4396
0.4399
0.4404
0.4411
0.4411
0.4413
0.4416
0.4420
0.4424
0.4430
0.4434
0.4437
0.4441
0.4445
0.4448
0.4452
0.4456
0.4460
0.4464
0.4467
0.4471
0.4476
0.4478
0.4482
0.4487
0.4491
0.4495
0.4499
0.4503
0.4505
0.4508
0.4510
0.4511
0.4515
0.4519
0.4522
0.4525
0.4530
0.4534
0.4537
0.4540
0.4542
0.4546
0.4550
0.4553
0.4558
0.4566
0.4572
0.4573
0.4574
0.4577
0.4581
0.4583
0.4587
0.4589
0.4592
0.4594
0.4595
0.4595
0.4595
0.4596
0.4598
0.4600
0.4600
0.4603
0.4607
0.4611
0.4614
0.4615
0.4617
0.4618
0.4621
0.4623
0.4625
0.4627
0.4629
0.4631
0.4634
0.4637
0.4642
0.4642
0.4643
0.4644
0.4646
0.4649
0.4651
0.4652
0.4652
0.4655
0.4657
0.4657
0.4658
0.4658
0.4658
0.4660
0.4660
0.4661
0.4661
0.4661
0.4663
0.4664
0.4665
0.4666
0.4667
0.4669
0.4669
0.4671
0.4671
0.4671
0.4672
0.4672
0.4674
0.4675
0.4676
0.4676
0.4676
0.4676
0.4677
0.4678
0.4678
0.4680
0.4681
0.4682
0.4684
0.4686
0.4689
0.4691
0.4694
0.4696
0.4696
0.4697
0.4698
0.4702
0.4705
0.4706
0.4708
0.4711
0.4714
0.4718
0.4722
0.4724
0.4728
0.4729
0.4732
0.4735
0.4736
0.4738
0.4741
0.4744
0.4745
0.4748
0.4750
0.4754
0.4755
0.4758
0.4761
0.4763
0.4766
0.4768
0.4769
0.4773
0.4774
0.4774
0.4774
0.4774
0.4774
0.4776
0.4779
0.4783
0.4788
0.4789
0.4792
0.4795
0.4797
0.4800
0.4802
0.4804
0.4804
0.4806
0.4809
0.4812
0.4814
0.4816
0.4818
0.4820
0.4822
0.4825
0.4829
0.4831
0.4834
0.4836
0.4837
0.4839
0.4840
0.4842
0.4843
0.4843
0.4844
0.4847
0.4847
0.4847
0.4849
0.4851
0.4853
0.4856
0.4857
0.4861
0.4864
0.4867
0.4870
0.4873
0.4874
0.4875
0.4877
0.4879
0.4881
0.4884
0.4885
0.4887
0.4889
0.4890
0.4890
0.4892
0.4894
0.4895
0.4895
0.4896
0.4896
0.4896
0.4899
0.4903
0.4905
0.4908
0.4908
0.4908
0.4909
0.4909
0.4912
0.4913
0.4914
0.4918
0.4919
0.4919
0.4920
0.4922
0.4924
0.4925
0.4927
0.4931
0.4933
0.4934
0.4936
0.4938
0.4939
0.4942
0.4944
0.4945
0.4947
0.4950
0.4952
0.4954
0.4956
0.4958
0.4959
0.4962
0.4962
0.4964
0.4964
0.4965
0.4965
0.4965
0.4965
0.4967
0.4967
0.4967
0.4967
0.4967
0.4969
0.4969
0.4971
0.4971
0.4972
0.4974
0.4976
0.4976
0.4976
0.4976
0.4976
0.4977
0.4979
0.4981
0.4981
0.4981
0.4981
0.4984
0.4985
0.4985
0.4987
0.4988
0.4992
0.4993
0.4997
0.4998
0.4999
0.5001
0.5003
0.5004
0.5007
0.5008
0.5011
0.5014
0.5015
0.5017
0.5021
0.5024
0.5027
0.5031
0.5034
0.5037
0.5040
0.5043
0.5044
0.5048
0.5051
0.5054
0.5056
0.5057
0.5058
0.5060
0.5063
0.5066
0.5070
0.5072
0.5074
0.5077
0.5080
0.5082
0.5085
0.5086
0.5088
0.5091
0.5094
0.5097
0.5101
0.5105
0.5106
0.5107
0.5112
0.5113
0.5114
0.5118
0.5121
0.5123
0.5124
0.5126
0.5127
0.5131
0.5134
0.5136
0.5139
0.5141
0.5145
0.5149
0.5152
0.5156
0.5159
0.5162
0.5165
0.5169
0.5170
0.5171
0.5174
0.5175
0.5177
0.5179
0.5180
0.5182
0.5186
0.5189
0.5192
0.5192
0.5193
0.5196
0.5197
0.5199
0.5201
0.5201
0.5202
0.5202
0.5203
0.5204
0.5207
0.5209
0.5211
0.5215
