9.00 9.00 9.00 9.00 9.00 9.00 9.00 9.00 9.00 9.00 9.00 9.00 9.00 9.00 9.00 9.00 9.00 9.00 9.00 9.00 9.00 9.00 9.00 9.00 8.33 8.33 8.33 8.33 7.83 6.50 5.33 5.17 4.67 6.00 6.67 6.67 6.67 6.67 6.67 6.67 6.67 6.67 6.67 6.67 6.67 6.67 6.67 6.67 6.67 6.67 6.40 6.15 6.15 6.42 6.67 6.67 6.67 6.67 6.67 6.67 6.67 6.67 6.67 6.67 6.67 6.67 6.67 6.67 6.67 6.67 6.67 6.67 6.67 6.67 6.67 6.67 6.67 6.67 6.67 6.67 6.67 6.67 6.67 6.67 6.67 6.67 6.67 6.67 6.67 6.67 6.67 6.67 6.67 6.67 6.67 6.67 6.67 6.17 6.17 4.83
7.67 8.33 9.00 9.00 9.00 9.00 9.00 9.00 9.00 9.00 9.00 9.00 9.00 9.00 9.00 9.00 9.00 9.00 9.00 9.00 9.00 9.00 8.33 8.33 7.67 7.67 7.17 6.67 6.33 6.17 5.50 5.17 4.17 5.50 6.17 6.67 6.67 6.67 6.67 6.67 6.67 6.67 6.67 6.67 6.67 6.67 6.67 6.67 6.67 6.67 6.53 6.28 6.12 6.25 6.50 6.67 6.67 6.67 6.67 6.67 6.67 6.67 6.67 6.67 6.67 6.67 6.67 6.67 6.67 6.67 6.67 6.67 6.67 6.67 6.67 6.67 6.67 6.67 6.67 6.67 6.67 6.67 6.67 6.67 6.67 6.58 6.58 6.58 6.67 6.67 6.67 6.67 6.67 6.67 6.67 6.67 6.00 5.50 5.50 5.50
7.00 7.67 8.33 9.00 9.00 9.00 9.00 9.00 9.00 9.00 9.00 9.00 8.33 8.33 7.67 8.33 7.67 7.48 7.48 7.48 7.53 7.03 6.53 6.83 6.17 6.00 5.20 5.20 5.53 6.08 6.08 5.75 4.83 4.83 5.50 6.67 6.67 6.67 6.67 7.33 7.33 7.33 7.33 7.33 7.33 7.33 7.33 7.33 7.33 7.33 7.33 7.08 6.92 6.42 6.67 6.83 7.33 7.33 7.33 7.33 7.33 7.33 7.33 7.33 7.33 7.33 7.33 7.33 7.33 7.33 7.33 7.33 7.33 7.33 7.33 7.33 7.33 7.33 7.33 7.33 7.33 7.33 7.33 7.33 6.83 6.75 6.75 7.25 7.33 7.33 7.33 7.33 7.33 7.33 7.33 6.83 6.17 5.67 6.17 6.83
5.67 6.33 7.67 8.33 9.00 9.00 9.00 9.00 9.00 9.00 8.33 8.33 7.00 7.00 5.83 6.50 6.50 6.14 5.95 5.45 5.43 5.12 5.12 5.42 5.42 4.75 4.70 4.57 5.23 5.78 5.92 5.92 5.50 5.50 5.50 6.67 6.67 6.67 6.67 7.83 8.33 8.33 8.33 8.33 8.33 8.33 8.33 8.33 8.33 8.33 8.33 8.33 8.17 7.67 7.00 7.17 7.67 8.33 8.33 8.33 8.33 8.33 8.33 8.33 8.33 8.33 8.33 8.33 8.33 8.33 8.33 8.33 8.33 8.33 8.33 8.33 8.33 8.33 8.33 8.33 8.33 8.33 8.33 7.67 7.17 7.08 7.75 8.25 8.33 8.33 7.67 7.67 7.67 8.33 7.67 7.17 6.50 7.17 7.67 8.33
6.50 6.00 6.67 7.83 9.00 9.00 9.00 9.00 9.00 9.00 8.33 8.33 7.00 6.67 5.00 6.67 6.67 6.48 6.29 5.32 6.63 6.32 7.18 7.48 6.15 5.75 4.87 5.07 5.90 5.53 5.83 6.00 6.17 6.00 6.00 6.53 6.53 6.53 6.67 7.83 8.33 8.33 8.33 8.33 8.33 8.33 8.33 8.33 8.33 8.33 8.33 8.33 8.33 8.50 7.83 7.33 7.83 8.50 9.00 9.00 9.00 9.00 9.00 9.00 9.00 9.00 9.00 9.00 9.00 9.00 9.00 9.00 9.00 9.00 9.00 9.00 9.00 9.00 9.00 9.00 9.00 9.00 8.50 7.83 7.33 7.83 8.50 9.00 9.00 8.50 7.83 7.33 7.83 8.00 7.83 7.33 7.83 8.50 9.00 9.00
5.83 6.00 6.67 7.17 7.67 8.33 8.33 9.00 9.00 8.40 7.40 7.07 7.00 8.00 8.33 10.33 11.00 11.00 10.81 9.84 11.09 11.28 11.98 10.98 9.65 8.08 6.90 5.60 5.39 4.82 4.62 5.50 6.33 6.83 6.33 6.20 6.20 6.70 6.83 7.33 7.83 7.33 7.33 7.33 7.33 7.33 7.33 7.33 7.33 7.33 7.33 7.33 7.33 8.50 8.33 7.83 7.17 7.83 8.33 9.00 9.00 9.00 9.00 9.00 9.00 9.00 9.00 9.00 9.00 9.00 9.00 9.00 9.00 9.00 9.00 9.00 9.00 9.00 9.00 9.00 9.00 8.33 7.83 7.17 7.83 8.33 9.00 9.00 8.33 7.83 7.17 7.33 7.17 7.33 7.17 7.83 8.33 9.00 9.00 9.00
6.67 6.33 6.33 6.83 7.17 7.33 7.83 8.50 8.50 7.90 7.23 7.07 8.67 11.00 13.17 15.17 15.17 15.33 15.33 14.87 16.20 16.20 16.40 15.40 12.73 11.67 8.40 7.07 5.69 4.95 4.95 5.33 6.67 7.17 6.67 6.53 6.53 7.03 7.17 7.17 7.17 6.67 6.67 6.67 6.67 6.67 6.67 6.67 6.67 6.67 6.67 6.67 6.67 7.83 8.33 8.50 7.83 7.33 7.83 8.50 9.00 9.00 9.00 9.00 9.00 9.00 9.00 9.00 9.00 9.00 9.00 9.00 9.00 9.00 9.00 9.00 9.00 9.00 9.00 9.00 8.50 7.83 7.33 7.83 8.50 9.00 9.00 8.50 7.83 7.33 7.83 8.00 7.83 7.33 7.83 8.50 9.00 9.00 9.00 9.00
5.83 6.67 6.67 6.67 6.50 7.33 7.33 8.00 7.50 6.80 6.13 7.47 10.67 14.33 17.00 18.00 18.00 18.00 18.00 18.00 18.00 18.00 18.00 17.00 15.67 14.33 12.40 10.23 6.80 4.82 4.82 5.92 7.33 7.33 6.83 6.67 6.67 7.17 7.33 7.33 7.33 7.33 7.33 7.33 7.33 7.33 7.33 7.33 7.33 7.33 7.33 6.83 6.83 7.33 8.33 9.00 8.33 7.83 7.17 7.83 8.33 9.00 9.00 8.33 8.33 8.33 9.00 8.33 8.33 8.33 9.00 8.33 8.33 8.33 9.00 8.33 8.33 8.33 9.00 8.33 7.83 7.17 7.83 8.33 9.00 9.00 8.33 7.83 7.17 7.83 8.33 9.00 8.33 8.33 8.33 9.00 9.00 9.00 9.00 9.00
6.67 6.17 6.17 6.67 7.17 7.33 7.33 7.33 6.83 6.40 6.73 9.40 13.33 16.67 18.00 18.00 18.00 18.00 18.00 18.00 18.00 18.00 18.00 18.00 16.67 16.67 15.33 13.17 8.79 5.45 5.95 6.00 7.17 7.17 7.33 6.67 6.67 7.17 7.83 7.17 7.17 7.67 7.67 7.67 7.67 8.33 7.67 7.67 7.67 8.33 7.67 7.17 7.17 7.83 8.33 9.00 9.00 8.50 7.83 7.33 7.83 8.50 8.50 7.83 7.33 7.83 8.00 7.83 7.33 7.83 8.00 7.83 7.33 7.83 8.00 7.83 7.33 7.83 8.00 7.83 7.33 7.83 8.50 9.00 9.00 9.00 8.33 7.33 6.83 7.50 8.50 9.00 9.00 9.00 9.00 9.00 9.00 9.00 9.00 9.00
5.33 6.00 6.17 6.67 6.67 7.33 7.33 6.83 6.83 7.40 9.57 11.73 14.67 16.67 18.00 18.00 18.00 18.00 18.00 18.00 18.00 18.00 18.00 18.00 18.00 18.00 18.00 16.00 11.35 6.69 5.69 6.67 7.33 6.67 6.17 6.00 6.67 7.17 7.83 7.17 7.33 7.33 7.33 7.33 7.83 8.00 7.83 7.33 7.83 8.00 7.83 7.33 7.83 8.50 9.00 9.00 9.00 9.00 8.33 8.83 8.50 9.17 7.83 8.50 9.00 9.50 9.67 9.50 10.33 9.50 9.67 9.50 10.33 9.50 9.67 9.50 10.33 9.50 9.67 9.50 10.83 11.33 12.00 12.00 12.00 12.00 11.33 9.50 9.00 8.00 8.83 8.33 9.00 9.00 9.00 9.00 9.00 9.00 9.00 9.00
6.17 5.50 4.87 5.87 5.87 6.67 6.50 6.67 6.50 7.50 9.67 12.00 14.67 16.67 18.00 18.00 18.00 18.00 18.00 18.00 18.00 18.00 18.00 18.00 18.00 18.00 18.00 16.00 11.73 7.23 6.23 6.08 6.58 5.92 6.17 6.17 6.33 6.83 7.33 7.17 6.83 6.17 6.17 6.67 7.17 7.33 7.17 7.33 7.17 7.33 7.17 7.83 8.33 9.00 9.00 9.00 9.00 9.00 9.00 9.50 8.83 9.83 9.50 12.17 12.67 13.17 12.67 13.17 14.00 13.17 12.67 13.17 14.00 13.17 12.67 13.17 14.00 13.17 12.67 13.17 14.50 15.00 15.00 15.00 15.00 15.00 15.00 12.17 10.67 7.50 8.33 7.83 9.00 9.00 9.00 9.00 9.00 9.00 9.00 9.00
4.83 5.00 5.03 5.53 6.03 6.17 6.00 5.67 5.31 6.81 9.81 13.00 15.67 16.67 18.00 18.00 18.00 18.00 18.00 18.00 18.00 18.00 18.00 18.00 18.00 18.00 16.67 15.67 11.13 7.72 5.22 6.00 6.25 5.42 5.50 5.83 6.67 6.67 7.33 7.17 6.83 6.17 6.33 6.83 7.33 7.33 7.83 8.00 7.83 7.33 7.83 8.50 9.00 9.00 9.00 9.00 9.00 9.00 9.00 9.50 9.83 11.83 13.00 15.67 16.67 16.67 16.67 16.67 18.00 16.67 16.67 16.67 18.00 16.67 16.67 16.67 18.00 16.67 16.67 16.67 18.00 18.00 18.00 18.00 18.00 18.00 18.00 15.67 13.33 8.42 7.75 7.08 9.00 9.00 9.00 9.00 9.00 9.00 9.00 9.00
5.17 5.17 4.87 5.87 5.62 6.42 5.08 5.17 3.64 5.81 8.14 13.33 16.00 18.00 18.00 18.00 18.00 18.00 18.00 18.00 18.00 18.00 18.00 18.00 18.00 17.00 15.67 13.33 10.40 6.73 5.07 5.25 5.75 5.42 6.17 6.50 7.33 7.33 8.00 7.83 7.33 7.17 7.33 7.17 7.17 7.67 8.33 9.00 8.33 8.33 8.33 9.00 9.00 9.00 9.00 9.00 9.00 9.00 8.50 7.67 9.33 12.83 16.67 18.00 18.00 18.00 18.00 18.00 18.00 18.00 18.00 18.00 18.00 18.00 18.00 18.00 18.00 18.00 18.00 18.00 18.00 18.00 18.00 18.00 18.00 18.00 18.00 16.00 13.67 8.92 7.92 7.25 9.00 9.00 9.00 9.00 9.00 9.00 9.00 9.00
3.67 5.00 6.17 6.83 6.58 6.08 5.92 5.33 4.09 5.59 8.92 14.33 17.00 18.00 18.00 18.00 18.00 18.00 18.00 18.00 18.00 18.00 18.00 18.00 16.67 15.67 14.33 14.33 11.02 7.19 4.52 5.08 6.25 5.92 6.17 6.50 7.83 8.33 9.00 8.33 8.33 8.33 8.50 7.83 7.33 7.83 8.50 9.00 9.00 9.00 9.00 9.00 9.00 9.00 9.00 9.00 9.00 9.00 8.00 6.83 9.83 13.83 18.00 18.00 18.00 18.00 18.00 18.00 18.00 18.00 18.00 18.00 18.00 18.00 18.00 18.00 18.00 18.00 18.00 18.00 18.00 18.00 18.00 18.00 18.00 18.00 18.00 17.00 14.33 9.42 7.42 7.08 9.00 9.00 9.00 9.00 9.00 9.00 9.00 9.00
4.50 5.67 6.67 7.33 6.42 6.58 5.75 5.83 4.28 6.28 8.61 13.67 16.00 18.00 18.00 18.00 18.00 18.00 18.00 18.00 18.00 18.00 18.00 17.00 15.67 13.67 14.67 13.67 11.95 7.04 5.37 4.83 5.58 5.92 6.67 7.17 7.83 8.33 9.00 9.00 9.00 9.00 9.00 8.33 7.83 7.17 7.83 8.33 9.00 9.00 9.00 9.00 9.00 9.00 9.00 9.00 9.00 9.00 7.50 6.50 9.50 14.00 18.00 18.00 18.00 18.00 18.00 18.00 18.00 18.00 18.00 18.00 18.00 18.00 18.00 18.00 18.00 18.00 18.00 18.00 18.00 18.00 18.00 18.00 18.00 18.00 18.00 16.00 14.67 10.00 9.00 7.33 9.00 9.00 9.00 9.00 9.00 9.00 9.00 9.00
4.67 6.00 7.17 7.33 6.67 6.83 6.17 6.83 5.09 5.59 6.75 12.00 15.67 18.00 18.00 18.00 18.00 18.00 18.00 18.00 18.00 18.00 16.67 15.67 13.33 13.67 13.33 13.33 10.12 6.43 5.26 4.73 5.42 5.42 6.67 7.33 7.33 7.83 8.50 9.00 9.00 9.00 9.00 9.00 8.50 7.83 7.33 7.83 8.50 9.00 9.00 9.00 9.00 9.00 9.00 9.00 9.00 9.00 8.00 6.67 9.67 13.67 18.00 18.00 18.00 18.00 18.00 18.00 18.00 18.00 18.00 18.00 18.00 18.00 18.00 18.00 18.00 18.00 18.00 18.00 18.00 18.00 18.00 17.00 17.00 16.00 15.67 14.67 13.00 9.50 7.50 7.17 9.00 9.00 9.00 9.00 9.00 9.00 9.00 9.00
5.67 6.83 7.83 7.33 6.67 6.67 6.00 6.00 4.64 5.48 7.31 11.33 14.67 17.00 18.00 18.00 18.00 18.00 18.00 18.00 18.00 17.00 15.67 13.67 13.67 13.00 12.67 10.33 8.83 6.14 5.23 4.23 4.92 5.67 6.42 7.08 7.08 7.17 7.83 8.33 9.00 9.00 9.00 9.00 9.00 8.33 7.83 7.17 7.83 8.33 9.00 9.00 9.00 9.00 9.00 9.00 9.00 9.00 8.00 7.00 8.67 12.67 16.67 18.00 18.00 16.67 16.67 16.67 16.67 16.67 16.67 18.00 16.67 16.67 16.67 18.00 18.00 18.00 18.00 18.00 18.00 18.00 17.00 16.00 14.29 14.29 12.62 11.83 11.50 9.50 9.00 7.33 9.00 9.00 9.00 9.00 9.00 9.00 9.00 9.00
5.33 6.50 7.67 7.17 6.67 6.67 6.67 7.17 5.40 5.23 7.57 10.67 13.00 14.33 16.67 18.00 18.00 18.00 18.00 16.67 15.33 14.33 13.00 13.33 12.33 12.67 10.00 9.67 7.90 6.15 4.74 4.34 5.42 5.17 5.92 6.75 7.25 7.33 7.33 7.83 8.50 9.00 9.00 9.00 9.00 9.00 8.50 7.83 7.33 7.83 8.50 9.00 9.00 9.00 9.00 9.00 9.00 9.00 8.50 7.50 7.83 10.33 14.33 17.00 17.00 14.67 14.67 14.67 14.67 13.67 14.67 16.00 15.67 14.67 15.67 17.00 18.00 18.00 18.00 16.67 16.67 15.33 15.67 13.07 12.69 11.09 11.02 9.90 9.57 7.27 7.10 7.03 9.00 9.00 9.00 9.00 9.00 9.00 9.00 9.00
5.17 5.67 7.33 7.33 7.83 6.67 7.17 6.50 5.34 5.01 8.01 11.00 11.67 13.00 15.33 16.22 16.22 16.22 18.00 16.67 13.53 11.53 11.53 12.33 12.33 10.33 10.33 10.00 10.73 7.71 5.79 3.89 4.92 5.67 6.42 7.25 7.08 7.17 7.17 7.17 7.83 8.33 9.00 9.00 9.00 9.00 9.00 8.33 7.83 7.17 7.83 8.33 9.00 9.00 9.00 9.00 9.00 9.00 8.50 8.17 8.50 11.00 14.33 15.67 15.67 13.33 13.33 12.33 12.33 12.67 13.33 14.67 14.33 14.67 14.67 16.00 17.00 18.00 17.00 15.67 14.33 14.00 12.73 12.47 10.75 11.75 10.69 9.57 9.57 7.18 8.35 6.95 9.00 9.00 9.00 9.00 9.00 9.00 9.00 9.00
4.83 5.50 6.67 7.17 7.67 7.83 7.08 7.08 5.92 5.54 6.00 7.66 8.12 9.53 10.66 10.80 10.67 10.88 13.40 12.33 8.93 6.98 6.98 9.05 8.25 7.25 7.25 7.87 8.47 6.11 5.08 4.48 4.83 5.50 5.70 7.20 7.03 7.33 7.33 7.33 7.33 7.83 8.50 9.00 9.00 9.00 9.00 9.00 8.50 7.83 7.33 7.83 8.50 9.00 9.00 9.00 9.00 9.00 9.00 8.67 8.53 9.53 11.87 12.00 11.50 9.83 9.83 9.33 10.00 10.33 11.00 11.00 12.00 12.33 12.33 13.00 13.33 13.83 12.83 11.50 10.00 9.67 10.07 9.80 9.13 9.13 9.40 8.73 7.93 6.38 7.05 7.45 9.00 9.00 9.00 9.00 9.00 9.00 9.00 9.00
6.17 6.33 6.83 7.33 8.33 8.50 7.75 7.08 6.83 6.12 5.07 6.16 6.62 7.66 6.65 5.19 5.27 5.62 8.40 9.33 7.43 5.21 4.26 5.00 5.63 4.92 6.08 5.70 6.73 5.10 5.57 4.87 5.00 6.17 5.70 6.87 6.20 7.17 7.17 7.17 7.17 7.17 7.83 8.33 9.00 9.00 9.00 9.00 9.00 8.33 7.83 7.17 7.83 8.33 9.00 9.00 9.00 9.00 9.00 8.33 8.03 9.03 10.20 8.67 7.67 7.00 7.33 7.33 8.00 9.83 9.00 9.00 9.00 10.33 9.83 10.00 9.83 9.83 9.33 8.83 7.83 8.33 7.90 8.73 7.23 8.33 7.50 7.67 7.37 7.62 8.45 8.25 9.00 9.00 9.00 9.00 9.00 9.00 9.00 9.00
7.00 7.17 7.17 7.17 7.67 7.67 7.58 7.58 7.58 6.87 5.49 4.82 5.62 4.58 3.30 1.62 1.95 2.56 3.74 4.50 5.06 3.54 2.33 1.68 2.45 3.67 3.56 4.18 3.54 4.07 3.90 5.37 5.87 6.53 5.57 6.07 6.07 7.03 7.03 7.33 7.33 7.33 7.33 7.83 8.50 9.00 9.00 9.00 9.00 9.00 8.50 7.83 7.33 7.83 8.50 9.00 9.00 9.00 8.33 7.67 6.37 6.37 6.03 5.17 4.08 3.92 4.92 6.00 6.67 7.17 6.67 6.67 6.67 7.33 7.17 7.33 7.17 6.83 6.67 6.17 6.50 6.67 7.17 6.67 6.50 6.67 6.50 6.67 6.37 7.70 8.20 9.00 9.00 9.00 9.00 9.00 9.00 9.00 9.00 9.00
7.33 7.33 7.33 6.83 7.33 6.67 7.33 7.33 7.83 7.67 7.17 7.17 6.50 5.37 4.31 3.38 3.84 4.24 4.83 4.67 5.50 5.43 4.88 3.22 3.04 4.25 4.39 5.31 4.31 5.33 4.87 5.53 6.03 6.20 6.53 5.70 6.20 6.87 7.53 7.83 7.17 7.17 7.17 7.17 7.83 8.33 9.00 9.00 9.00 9.00 9.00 8.33 7.83 7.17 7.83 8.33 9.00 9.00 8.33 7.67 7.17 6.50 5.50 4.50 4.58 5.08 6.08 6.67 7.33 7.83 7.33 7.33 7.33 8.00 7.83 7.33 7.83 8.00 7.83 7.33 7.83 8.00 7.83 7.33 7.83 8.00 7.83 7.33 7.83 8.50 9.00 9.00 9.00 9.00 9.00 9.00 9.00 9.00 9.00 9.00
6.00 6.50 7.17 6.67 6.67 6.00 6.67 6.67 7.17 7.00 7.67 7.17 7.17 6.42 6.15 5.48 5.73 5.83 5.67 4.83 6.17 6.87 7.27 5.60 4.32 4.58 4.23 5.14 4.64 5.37 5.07 5.73 6.23 6.40 6.90 6.23 6.73 6.07 7.53 7.83 7.83 7.33 7.33 7.33 7.33 7.83 8.50 9.00 9.00 9.00 9.00 9.00 8.50 7.83 7.33 7.83 8.50 9.00 8.33 8.33 7.83 7.17 6.00 5.83 5.92 6.42 7.08 7.67 8.33 8.33 8.33 8.33 8.33 9.00 8.33 8.33 8.33 9.00 8.33 8.33 8.33 9.00 8.33 8.33 8.33 9.00 8.33 8.33 8.33 9.00 9.00 9.00 9.00 9.00 9.00 9.00 9.00 9.00 9.00 9.00
5.17 6.17 7.33 7.33 7.33 7.33 6.83 6.83 7.33 7.00 6.92 6.42 7.08 7.08 7.08 7.08 7.33 7.17 6.83 6.00 6.67 7.00 8.33 7.08 6.33 5.67 5.25 5.00 5.17 6.03 6.53 6.03 6.03 6.20 6.53 5.87 6.87 6.37 7.33 7.33 7.83 7.83 7.17 7.17 7.17 7.17 7.83 8.33 9.00 9.00 9.00 9.00 9.00 8.33 7.83 7.17 7.83 8.33 9.00 8.25 7.75 7.08 7.17 7.00 7.17 7.17 7.83 8.33 9.00 9.00 9.00 9.00 9.00 9.00 9.00 9.00 9.00 9.00 9.00 9.00 9.00 9.00 9.00 9.00 9.00 9.00 9.00 9.00 9.00 9.00 9.00 9.00 9.00 9.00 9.00 9.00 9.00 9.00 9.00 9.00
4.83 6.00 7.17 7.67 7.67 7.67 7.17 7.17 7.08 6.25 6.17 5.75 7.08 7.08 7.08 6.58 6.83 7.33 6.83 6.67 7.33 7.17 7.33 6.83 6.67 6.50 5.03 5.20 5.87 6.23 6.90 5.60 6.40 5.73 5.70 5.70 6.20 6.37 6.67 6.67 7.83 7.83 7.83 7.33 7.33 7.33 7.33 7.83 8.50 9.00 9.00 9.00 9.00 9.00 8.50 7.83 7.33 7.83 8.00 7.75 6.75 7.25 7.50 7.83 7.33 7.83 8.50 9.00 9.00 9.00 9.00 9.00 9.00 9.00 9.00 9.00 9.00 9.00 9.00 9.00 9.00 9.00 9.00 9.00 9.00 9.00 9.00 9.00 9.00 9.00 9.00 9.00 9.00 9.00 9.00 9.00 9.00 9.00 9.00 9.00
6.17 6.83 7.33 7.33 7.33 7.33 7.33 7.33 7.25 7.08 6.33 6.42 7.08 6.92 6.92 5.75 6.67 6.53 7.20 7.03 7.17 6.50 6.67 6.17 6.17 6.17 6.03 6.20 6.03 6.53 6.28 5.65 5.78 5.87 5.83 6.50 6.50 7.33 6.33 6.83 7.33 8.33 8.33 7.83 7.17 7.17 7.17 7.17 7.83 8.33 9.00 9.00 9.00 9.00 9.00 8.33 7.83 7.17 7.33 7.08 7.25 7.08 7.33 7.17 7.83 8.33 9.00 9.00 9.00 9.00 9.00 9.00 9.00 9.00 9.00 9.00 9.00 9.00 9.00 9.00 9.00 9.00 9.00 9.00 9.00 9.00 9.00 9.00 9.00 9.00 9.00 9.00 9.00 9.00 9.00 9.00 9.00 9.00 9.00 9.00
7.00 7.17 7.17 6.67 6.67 6.67 7.17 7.17 7.08 7.08 7.08 7.17 7.33 7.17 6.67 6.00 6.67 6.53 6.53 6.53 6.67 7.33 6.33 6.83 6.17 6.00 5.37 5.37 5.20 5.03 5.45 5.23 6.03 5.45 6.33 6.33 6.50 6.50 6.67 6.50 6.50 7.00 7.67 7.83 7.17 7.33 6.83 6.83 7.33 8.33 9.00 9.00 9.00 9.00 9.00 9.00 8.50 7.83 7.33 7.83 8.00 7.83 7.33 7.83 8.50 9.00 9.00 9.00 9.00 9.00 9.00 9.00 9.00 9.00 9.00 9.00 9.00 9.00 9.00 9.00 9.00 9.00 9.00 9.00 9.00 9.00 9.00 9.00 9.00 9.00 9.00 9.00 9.00 9.00 9.00 9.00 9.00 9.00 9.00 9.00
7.33 7.33 7.83 7.33 7.33 7.33 7.83 7.33 6.83 6.83 7.33 7.08 7.25 7.08 6.67 6.50 6.37 6.23 6.23 6.23 6.37 7.03 6.53 7.03 6.03 6.17 5.83 4.87 4.70 4.53 5.75 6.33 6.33 6.42 6.67 7.17 6.67 6.50 6.17 6.17 5.67 6.67 6.67 7.33 6.67 6.83 6.17 6.17 7.17 8.33 9.00 9.00 9.00 9.00 9.00 9.00 9.00 8.33 8.33 8.33 9.00 8.33 8.33 8.33 9.00 9.00 9.00 9.00 9.00 9.00 9.00 9.00 9.00 9.00 9.00 9.00 9.00 9.00 9.00 9.00 9.00 9.00 9.00 9.00 9.00 9.00 9.00 9.00 9.00 9.00 9.00 9.00 9.00 9.00 9.00 9.00 9.00 9.00 9.00 9.00
6.00 6.50 7.67 7.00 7.67 7.67 7.67 7.17 6.67 6.67 7.17 6.92 7.08 6.58 6.17 6.67 6.37 6.53 6.53 6.53 6.53 6.70 5.70 6.20 6.20 6.67 5.50 4.53 4.70 5.20 6.00 5.75 5.75 5.08 6.00 5.70 5.70 5.53 5.83 6.00 5.50 6.00 6.00 6.67 6.67 6.83 6.17 6.33 7.33 8.50 9.00 9.00 9.00 9.00 9.00 9.00 9.00 9.00 9.00 9.00 9.00 9.00 9.00 9.00 9.00 9.00 9.00 9.00 9.00 9.00 9.00 9.00 9.00 9.00 9.00 9.00 9.00 9.00 9.00 9.00 9.00 9.00 9.00 9.00 9.00 9.00 9.00 9.00 9.00 9.00 9.00 9.00 9.00 9.00 9.00 9.00 9.00 9.00 9.00 9.00
5.17 5.67 7.33 6.67 7.33 7.33 7.33 7.33 6.33 6.83 7.33 6.78 6.78 6.28 6.37 6.37 6.07 6.23 6.90 6.90 7.03 5.73 5.23 5.90 6.03 5.92 5.25 4.95 5.87 5.73 6.53 5.62 5.00 4.50 4.75 5.20 5.03 6.20 6.50 7.33 6.83 7.33 7.33 7.33 7.33 7.33 7.17 7.33 7.17 7.83 8.33 9.00 9.00 9.00 9.00 9.00 9.00 9.00 9.00 9.00 9.00 9.00 9.00 9.00 9.00 9.00 9.00 9.00 9.00 9.00 9.00 9.00 9.00 9.00 9.00 9.00 9.00 9.00 9.00 9.00 9.00 9.00 9.00 9.00 9.00 9.00 9.00 9.00 9.00 9.00 9.00 9.00 9.00 9.00 9.00 9.00 9.00 9.00 9.00 9.00
4.83 5.50 6.67 6.00 6.67 6.67 6.67 7.17 6.67 7.17 7.17 7.03 6.53 5.53 6.03 6.53 7.03 6.03 6.20 6.20 6.83 6.03 5.37 6.03 6.17 5.42 5.25 5.08 5.83 5.20 5.37 5.12 4.20 3.37 3.32 3.40 4.73 6.20 7.00 7.00 7.00 7.67 7.67 7.00 7.00 7.00 7.00 6.67 6.67 7.33 8.33 9.00 9.00 9.00 9.00 9.00 9.00 9.00 9.00 9.00 9.00 9.00 9.00 9.00 9.00 9.00 9.00 9.00 9.00 9.00 9.00 9.00 9.00 9.00 9.00 9.00 9.00 9.00 9.00 9.00 9.00 9.00 9.00 9.00 9.00 9.00 9.00 9.00 9.00 9.00 9.00 9.00 9.00 9.00 9.00 9.00 9.00 9.00 9.00 9.00
6.17 6.83 7.33 7.33 7.33 7.33 7.33 7.33 6.83 7.33 7.17 7.03 6.53 5.90 6.40 6.23 7.03 6.53 5.90 5.90 5.87 6.37 6.20 6.73 6.37 5.78 5.92 5.08 5.00 3.70 5.20 4.98 5.40 3.77 3.18 2.90 4.53 6.17 6.83 6.17 6.17 6.48 6.31 5.64 5.83 6.00 6.00 5.67 6.17 7.33 8.33 9.00 9.00 9.00 9.00 9.00 9.00 9.00 9.00 9.00 9.00 9.00 9.00 9.00 9.00 9.00 9.00 9.00 9.00 9.00 9.00 9.00 9.00 9.00 9.00 9.00 9.00 9.00 9.00 9.00 9.00 9.00 9.00 9.00 9.00 9.00 9.00 9.00 9.00 9.00 9.00 9.00 9.00 9.00 9.00 9.00 9.00 9.00 9.00 9.00
6.33 7.67 7.67 7.67 7.67 8.33 7.67 7.17 7.17 7.33 7.17 7.33 6.83 5.70 6.20 6.03 7.33 6.33 6.20 6.20 6.03 6.83 6.67 7.03 6.53 6.70 6.33 6.00 5.17 5.17 5.50 5.53 5.40 4.27 3.30 3.43 5.07 6.08 6.08 5.42 5.33 4.98 4.14 3.64 3.83 4.00 4.00 4.33 5.50 7.33 8.33 9.00 9.00 9.00 9.00 9.00 9.00 9.00 9.00 9.00 9.00 9.00 9.00 9.00 9.00 9.00 9.00 9.00 9.00 9.00 9.00 9.00 9.00 9.00 9.00 9.00 9.00 9.00 9.00 9.00 9.00 9.00 9.00 9.00 9.00 9.00 9.00 9.00 9.00 9.00 9.00 9.00 9.00 9.00 9.00 9.00 9.00 9.00 9.00 9.00
7.00 7.17 7.17 7.33 7.83 8.00 7.83 7.33 7.17 7.33 7.17 7.17 7.17 6.53 6.53 5.87 7.17 6.67 7.03 6.37 6.37 6.67 6.58 6.95 6.95 6.90 7.53 7.03 8.17 7.07 8.57 7.93 8.10 5.97 5.80 6.07 8.20 7.08 7.42 6.08 7.33 5.98 6.48 5.31 6.83 7.00 8.33 7.83 8.33 8.00 8.83 8.50 9.00 9.00 9.00 9.00 9.00 9.00 9.00 9.00 9.00 9.00 9.00 9.00 9.00 9.00 9.00 9.00 9.00 9.00 9.00 9.00 9.00 9.00 9.00 9.00 9.00 9.00 9.00 10.00 11.00 12.00 12.00 12.00 11.00 10.00 9.00 9.00 9.00 9.00 9.00 9.00 9.00 9.00 9.00 9.00 9.00 9.00 9.00 9.00
6.33 6.00 6.00 6.83 7.17 7.33 7.17 7.33 7.17 7.33 7.33 7.33 7.33 7.33 7.33 7.33 7.33 6.83 7.33 6.67 7.33 6.17 6.58 7.08 7.25 6.70 7.20 7.87 10.17 9.07 9.90 9.07 9.57 9.23 9.27 9.03 9.37 8.08 9.42 9.58 11.83 10.83 11.50 10.33 10.67 10.67 10.67 11.00 9.40 8.23 7.57 7.83 9.00 9.00 9.00 9.00 9.00 9.00 9.00 9.00 9.00 9.00 9.00 9.00 9.00 9.00 9.00 9.00 9.00 9.00 9.00 9.00 9.00 9.00 9.00 9.00 9.00 9.00 9.00 11.00 13.00 15.00 15.00 15.00 13.00 11.00 9.00 9.00 9.00 9.00 9.00 9.00 9.00 9.00 9.00 9.00 9.00 9.00 9.00 9.00
7.67 6.67 6.00 6.83 7.17 7.33 7.17 7.33 7.17 7.17 7.17 7.17 7.17 7.67 7.67 7.67 7.17 7.17 7.17 6.50 6.50 5.83 6.25 6.25 6.42 5.87 6.93 7.43 9.40 9.40 10.47 11.47 12.47 13.73 14.07 12.00 10.23 8.90 11.57 13.33 15.67 15.33 16.67 15.33 15.67 14.67 14.67 12.83 12.23 8.90 8.23 6.83 8.50 9.00 9.00 9.00 9.00 9.00 9.00 9.00 9.00 9.00 9.00 9.00 9.00 9.00 9.00 9.00 9.00 9.00 9.00 9.00 9.00 9.00 9.00 9.00 9.00 9.00 9.00 12.00 15.00 18.00 18.00 18.00 15.00 12.00 9.00 9.00 9.00 9.00 9.00 9.00 9.00 9.00 9.00 9.00 9.00 9.00 9.00 9.00
8.33 7.33 6.67 7.33 7.67 8.33 7.17 7.33 7.33 7.33 7.33 6.83 7.33 7.33 7.33 7.33 7.33 7.33 7.33 6.83 6.17 5.50 6.50 6.50 6.17 5.00 5.57 6.90 8.73 10.33 11.07 12.07 14.07 16.67 17.00 14.67 11.57 11.57 13.90 17.00 18.00 18.00 18.00 18.00 17.00 16.00 13.33 12.83 10.52 8.35 6.35 6.67 8.50 9.00 9.00 9.00 9.00 9.00 9.00 9.00 9.00 9.00 9.00 9.00 9.00 9.00 9.00 9.00 9.00 9.00 9.00 9.00 9.00 9.00 9.00 9.00 9.00 9.00 9.00 12.00 15.00 18.00 18.00 18.00 15.00 12.00 9.00 9.00 9.00 9.00 9.00 9.00 9.00 9.00 9.00 9.00 9.00 9.00 9.00 9.00
8.33 7.83 7.17 7.17 7.67 7.67 7.17 7.17 7.17 7.17 7.17 6.67 7.17 6.00 6.67 6.67 7.17 7.17 7.17 6.53 5.87 5.87 6.37 6.37 5.87 5.33 5.19 7.02 8.69 12.00 12.73 15.40 16.40 18.00 18.00 16.67 15.07 15.07 16.40 18.00 18.00 18.00 18.00 18.00 18.00 17.00 15.67 12.83 12.12 8.79 7.62 6.33 8.00 9.00 9.00 9.00 9.00 9.00 9.00 9.00 9.00 9.00 9.00 9.00 9.00 9.00 9.00 9.00 9.00 9.00 9.00 9.00 9.00 9.00 9.00 9.00 9.00 9.00 9.00 12.00 15.00 18.00 18.00 18.00 15.00 12.00 9.00 9.00 9.00 9.00 9.00 9.00 9.00 9.00 9.00 9.00 9.00 9.00 9.00 9.00
7.33 7.33 7.33 6.83 7.33 6.67 7.33 7.33 7.33 7.33 6.83 6.83 7.33 6.67 7.33 7.33 7.33 7.33 6.67 6.53 6.53 6.45 6.95 6.95 6.70 5.50 6.29 8.29 11.95 13.67 15.67 17.00 18.00 18.00 18.00 18.00 18.00 18.00 18.00 18.00 18.00 18.00 18.00 18.00 18.00 18.00 16.67 15.33 11.90 8.40 6.24 6.67 8.50 9.00 9.00 9.00 9.00 9.00 9.00 9.00 9.00 9.00 9.00 9.00 9.00 9.00 9.00 9.00 9.00 9.00 9.00 9.00 9.00 9.00 9.00 9.00 9.00 9.00 9.00 12.00 15.00 18.00 18.00 18.00 15.00 12.00 9.00 9.00 9.00 9.00 9.00 9.00 9.00 9.00 9.00 9.00 9.00 9.00 9.00 9.00
6.00 6.50 7.17 6.67 6.67 6.00 7.17 7.17 7.17 7.17 6.67 7.17 6.50 7.00 7.67 7.67 7.17 7.17 6.37 6.73 5.93 6.65 5.98 6.78 7.03 6.37 5.94 8.44 12.24 15.67 16.67 18.00 18.00 18.00 18.00 18.00 18.00 18.00 18.00 18.00 18.00 18.00 18.00 18.00 18.00 18.00 18.00 15.67 13.95 9.12 7.45 6.17 8.00 9.00 9.00 9.00 9.00 9.00 9.00 9.00 9.00 9.00 9.00 9.00 9.00 9.00 9.00 9.00 9.00 9.00 9.00 9.00 9.00 9.00 9.00 9.00 9.00 9.00 9.00 12.00 15.00 18.00 18.00 18.00 15.00 12.00 9.00 9.00 9.00 9.00 9.00 9.00 9.00 9.00 9.00 9.00 9.00 9.00 9.00 9.00
5.17 6.17 7.33 7.33 7.33 7.33 7.33 7.33 7.33 7.33 6.83 7.33 6.67 7.33 7.33 7.33 7.33 6.67 6.37 6.87 6.07 6.28 5.62 7.08 7.17 5.62 6.90 9.07 14.29 16.00 18.00 18.00 18.00 18.00 18.00 18.00 18.00 18.00 18.00 18.00 18.00 18.00 18.00 18.00 18.00 18.00 18.00 17.00 13.57 8.57 6.07 6.50 8.50 9.00 9.00 9.00 9.00 9.00 9.00 9.00 9.00 9.00 9.00 9.00 9.00 9.00 9.00 9.00 9.00 9.00 9.00 9.00 9.00 9.00 9.00 9.00 9.00 9.00 9.00 11.00 13.00 15.00 15.00 15.00 13.00 11.00 9.00 9.00 9.00 9.00 9.00 9.00 9.00 9.00 9.00 9.00 9.00 9.00 9.00 9.00
4.83 6.00 7.83 8.33 8.33 7.67 7.17 7.17 7.17 7.17 7.17 7.17 6.50 6.67 6.67 6.67 7.17 6.37 6.73 5.93 5.93 6.23 5.70 6.50 6.33 5.32 5.55 8.22 13.57 17.00 18.00 18.00 18.00 18.00 18.00 18.00 18.00 18.00 18.00 18.00 18.00 18.00 18.00 18.00 18.00 18.00 18.00 16.00 14.29 9.29 7.29 6.00 8.00 9.00 9.00 9.00 9.00 9.00 9.00 9.00 9.00 9.00 9.00 9.00 9.00 9.00 9.00 9.00 9.00 9.00 9.00 9.00 9.00 9.00 9.00 9.00 9.00 9.00 9.00 10.00 11.00 12.00 12.00 12.00 11.00 10.00 9.00 9.00 9.00 9.00 9.00 9.00 9.00 9.00 9.00 9.00 9.00 9.00 9.00 9.00
6.17 7.33 8.50 8.33 8.33 7.67 7.33 7.33 7.33 7.33 7.33 6.83 7.33 6.83 7.33 7.33 7.17 6.37 6.87 6.07 6.87 5.87 6.17 6.17 5.83 4.78 6.74 9.07 14.29 16.00 18.00 18.00 18.00 18.00 18.00 18.00 18.00 18.00 18.00 18.00 18.00 18.00 18.00 18.00 18.00 18.00 18.00 17.00 13.57 8.57 6.07 6.50 8.50 9.00 9.00 9.00 9.00 9.00 9.00 9.00 9.00 9.00 9.00 9.00 9.00 9.00 9.00 9.00 9.00 9.00 9.00 9.00 9.00 9.00 9.00 9.00 9.00 9.00 9.00 9.00 9.00 9.00 9.00 9.00 9.00 9.00 9.00 9.00 9.00 9.00 9.00 9.00 9.00 9.00 9.00 9.00 9.00 9.00 9.00 9.00
7.67 8.33 8.50 7.83 7.33 7.17 7.33 7.17 7.17 7.17 7.17 6.67 7.17 7.83 8.33 7.53 6.87 6.73 6.73 5.93 6.73 6.23 6.53 5.20 5.83 4.87 5.77 8.44 13.57 17.00 18.00 18.00 18.00 18.00 18.00 18.00 18.00 18.00 18.00 18.00 18.00 18.00 18.00 18.00 18.00 18.00 18.00 16.00 14.29 9.29 7.29 6.00 8.00 9.00 9.00 9.00 9.00 9.00 9.00 9.00 9.00 9.00 9.00 9.00 9.00 9.00 9.00 9.00 9.00 9.00 9.00 9.00 9.00 9.00 9.00 9.00 9.00 9.00 9.00 9.00 9.00 9.00 9.00 9.00 9.00 9.00 9.00 9.00 9.00 9.00 9.00 9.00 9.00 9.00 9.00 9.00 9.00 9.00 9.00 9.00
9.00 8.33 7.83 7.17 7.33 7.17 7.33 7.17 7.33 7.33 7.33 7.33 7.83 8.50 8.33 7.53 6.87 6.87 6.87 6.87 6.87 6.37 6.53 6.53 6.50 5.00 6.95 9.29 14.29 16.00 18.00 18.00 18.00 18.00 18.00 18.00 18.00 18.00 18.00 18.00 18.00 18.00 18.00 18.00 18.00 18.00 18.00 17.00 13.69 8.69 6.19 6.50 8.50 9.00 9.00 9.00 9.00 9.00 9.00 9.00 9.00 9.00 9.00 9.00 9.00 9.00 9.00 9.00 9.00 9.00 9.00 9.00 9.00 9.00 9.00 9.00 9.00 9.00 9.00 9.00 9.00 9.00 9.00 9.00 9.00 9.00 9.00 9.00 9.00 9.00 9.00 9.00 9.00 9.00 9.00 9.00 9.00 9.00 9.00 9.00
8.50 7.83 7.33 7.83 8.00 7.83 7.33 7.17 7.33 7.17 7.17 7.67 8.33 8.20 7.53 6.73 6.73 6.73 6.73 6.73 6.73 6.73 6.87 6.20 6.33 5.00 5.87 8.54 13.54 17.00 18.00 18.00 18.00 18.00 18.00 18.00 18.00 18.00 18.00 18.00 18.00 18.00 18.00 18.00 18.00 18.00 18.00 17.00 14.07 9.73 6.73 6.67 8.00 9.00 9.00 9.00 9.00 9.00 9.00 9.00 9.00 9.00 9.00 9.00 9.00 9.00 9.00 9.00 9.00 9.00 9.00 9.00 9.00 9.00 9.00 9.00 9.00 9.00 9.00 9.00 9.00 9.00 9.00 9.00 9.00 9.00 9.00 9.00 9.00 9.00 9.00 9.00 9.00 9.00 9.00 9.00 9.00 9.00 9.00 9.00
7.17 7.17 7.17 7.67 8.33 8.33 7.83 7.17 7.33 7.17 7.33 7.83 8.50 7.53 6.87 6.20 6.87 6.87 6.87 6.87 6.87 6.87 7.00 7.00 6.33 5.00 6.92 8.92 13.92 15.67 18.00 18.00 18.00 18.00 18.00 18.00 18.00 18.00 18.00 18.00 18.00 18.00 18.00 18.00 18.00 18.00 18.00 18.00 15.07 10.60 7.10 7.03 8.50 9.00 9.00 9.00 9.00 9.00 9.00 9.00 9.00 9.00 9.00 9.00 9.00 9.00 9.00 9.00 9.00 9.00 9.00 9.00 9.00 9.00 9.00 9.00 9.00 9.00 9.00 9.00 9.00 9.00 9.00 9.00 9.00 9.00 9.00 9.00 9.00 9.00 9.00 9.00 9.00 9.00 9.00 9.00 9.00 9.00 9.00 9.00
6.17 7.33 7.33 7.33 7.33 8.50 8.50 7.83 7.33 7.17 7.33 7.17 7.83 6.87 6.73 6.07 6.73 6.87 6.20 6.20 6.20 6.87 6.33 6.33 6.33 5.53 5.74 8.07 13.20 16.67 18.00 18.00 18.00 18.00 18.00 18.00 18.00 18.00 18.00 18.00 18.00 18.00 18.00 18.00 18.00 18.00 18.00 18.00 16.67 12.87 8.70 7.03 7.83 9.00 9.00 9.00 9.00 9.00 9.00 9.00 9.00 9.00 9.00 9.00 9.00 9.00 9.00 9.00 9.00 9.00 9.00 9.00 9.00 9.00 9.00 9.00 9.00 9.00 9.00 9.00 9.00 9.00 9.00 9.00 9.00 9.00 9.00 9.00 9.00 9.00 9.00 9.00 9.00 9.00 9.00 9.00 9.00 9.00 9.00 9.00
5.33 6.50 7.17 6.67 6.67 7.83 7.67 7.67 7.17 7.17 7.33 7.17 7.33 7.17 7.03 6.87 7.03 6.67 6.00 6.50 6.50 6.67 6.00 7.17 7.17 5.70 5.99 8.82 13.95 16.67 18.00 18.00 18.00 18.00 18.00 18.00 18.00 18.00 18.00 18.00 18.00 18.00 18.00 18.00 18.00 18.00 18.00 18.00 18.00 13.70 9.53 6.53 7.83 9.00 9.00 9.00 9.00 9.00 9.00 9.00 9.00 9.00 9.00 9.00 9.00 9.00 9.00 9.00 9.00 9.00 9.00 9.00 9.00 9.00 9.00 9.00 9.00 9.00 9.00 9.00 9.00 9.00 9.00 9.00 9.00 9.00 9.00 9.00 9.00 9.00 9.00 9.00 9.00 9.00 9.00 9.00 9.00 9.00 9.00 9.00
5.17 6.17 7.33 6.83 6.83 7.33 7.17 7.33 6.83 7.33 7.33 7.17 7.33 7.17 7.03 7.53 6.90 6.53 5.87 6.50 6.50 6.67 6.00 7.17 7.17 6.18 4.96 8.46 13.79 18.00 18.00 18.00 18.00 18.00 18.00 18.00 18.00 18.00 18.00 18.00 18.00 18.00 18.00 18.00 18.00 18.00 18.00 18.00 16.67 12.50 8.33 6.67 7.83 9.00 9.00 9.00 9.00 9.00 9.00 9.00 9.00 9.00 9.00 9.00 9.00 9.00 9.00 9.00 9.00 9.00 9.00 9.00 9.00 9.00 9.00 9.00 9.00 9.00 9.00 9.00 9.00 9.00 9.00 9.00 9.00 9.00 9.00 9.00 9.00 9.00 9.00 9.00 9.00 9.00 9.00 9.00 9.00 9.00 9.00 9.00
4.83 6.00 7.17 7.17 7.17 7.17 6.50 6.67 6.67 7.17 7.17 7.17 7.33 7.17 7.33 7.33 6.70 6.20 6.70 6.83 7.33 6.33 6.83 7.33 7.08 5.73 6.23 9.48 14.50 17.00 18.00 18.00 18.00 18.00 18.00 18.00 18.00 18.00 18.00 18.00 18.00 18.00 18.00 18.00 18.00 18.00 18.00 18.00 16.67 12.00 8.00 6.33 8.00 9.00 9.00 9.00 9.00 9.00 9.00 9.00 9.00 9.00 9.00 9.00 9.00 9.00 9.00 9.00 9.00 9.00 9.00 9.00 9.00 9.00 9.00 9.00 9.00 9.00 9.00 9.00 9.00 9.00 9.00 9.00 9.00 9.00 9.00 9.00 9.00 9.00 9.00 9.00 9.00 9.00 9.00 9.00 9.00 9.00 9.00 9.00
6.17 6.83 7.33 7.33 7.33 7.33 7.33 6.83 6.83 7.33 7.83 7.83 7.33 7.17 6.83 6.17 6.03 6.53 7.03 6.67 7.17 6.67 7.17 6.42 6.83 5.48 6.13 8.88 13.90 17.00 18.00 18.00 18.00 18.00 18.00 18.00 18.00 18.00 18.00 18.00 18.00 18.00 18.00 18.00 18.00 18.00 18.00 18.00 15.33 10.37 6.87 6.03 8.00 8.50 9.00 9.00 9.00 9.00 9.00 9.00 9.00 9.00 9.00 9.00 9.00 9.00 9.00 9.00 9.00 9.00 9.00 9.00 9.00 9.00 9.00 9.00 9.00 9.00 9.00 9.00 9.00 9.00 9.00 9.00 9.00 9.00 9.00 9.00 9.00 9.00 9.00 9.00 9.00 9.00 9.00 9.00 9.00 9.00 9.00 9.00
7.00 7.17 7.17 7.17 7.17 7.17 7.17 7.17 7.17 7.17 7.67 7.67 7.83 7.17 6.83 6.17 6.33 6.83 7.33 7.33 7.33 6.83 7.33 6.58 6.50 4.83 7.48 9.73 14.40 16.00 18.00 18.00 18.00 18.00 18.00 18.00 18.00 18.00 18.00 18.00 18.00 18.00 18.00 18.00 18.00 18.00 18.00 18.00 16.67 11.62 7.45 5.28 6.83 8.00 8.50 9.00 9.00 9.00 9.00 9.00 9.00 9.00 9.00 9.00 9.00 9.00 9.00 9.00 9.00 9.00 9.00 9.00 9.00 9.00 9.00 9.00 9.00 9.00 9.00 9.00 9.00 9.00 9.00 9.00 9.00 9.00 9.00 9.00 9.00 9.00 9.00 9.00 9.00 9.00 9.00 9.00 9.00 9.00 9.00 9.00
7.33 7.33 7.33 7.33 7.33 7.33 7.33 7.33 7.33 6.83 7.33 7.83 8.50 7.83 7.33 7.17 7.33 7.17 7.17 7.67 7.17 7.17 6.50 6.42 6.58 5.42 6.47 8.97 13.80 17.00 18.00 18.00 18.00 18.00 18.00 18.00 18.00 18.00 18.00 18.00 18.00 18.00 18.00 18.00 18.00 18.00 18.00 18.00 15.33 9.93 6.26 5.43 6.67 7.33 7.83 9.00 9.00 9.00 9.00 9.00 9.00 9.00 9.00 9.00 9.00 9.00 9.00 9.00 9.00 9.00 9.00 9.00 9.00 9.00 9.00 9.00 9.00 9.00 9.00 9.00 9.00 9.00 9.00 9.00 9.00 9.00 9.00 9.00 9.00 9.00 9.00 9.00 9.00 9.00 9.00 9.00 9.00 9.00 9.00 9.00
6.00 6.50 7.17 7.17 7.17 7.17 7.17 7.17 7.17 6.67 6.67 7.17 7.67 7.67 7.67 7.67 7.83 7.17 7.33 7.83 6.83 7.33 6.17 7.33 6.33 5.83 7.73 9.73 14.40 16.00 18.00 18.00 18.00 18.00 18.00 18.00 18.00 18.00 18.00 18.00 18.00 18.00 18.00 18.00 18.00 18.00 18.00 18.00 16.67 11.39 7.23 5.56 6.67 7.33 7.33 8.50 9.00 9.00 9.00 9.00 9.00 9.00 9.00 9.00 9.00 9.00 9.00 9.00 9.00 9.00 9.00 9.00 9.00 9.00 9.00 9.00 9.00 9.00 9.00 9.00 9.00 9.00 9.00 9.00 9.00 9.00 9.00 9.00 9.00 9.00 9.00 9.00 9.00 9.00 9.00 9.00 9.00 9.00 9.00 9.00
5.17 6.17 7.33 7.33 7.33 7.33 7.33 7.33 7.33 6.83 6.83 7.33 7.17 7.33 7.33 7.33 7.33 6.67 7.33 7.17 6.67 6.50 6.00 6.50 6.67 6.67 7.02 8.19 12.35 15.67 18.00 18.00 18.00 18.00 18.00 18.00 18.00 18.00 18.00 18.00 18.00 18.00 18.00 18.00 16.67 16.67 16.67 16.67 14.00 8.62 6.45 6.12 7.17 7.17 7.17 8.50 9.00 9.00 9.00 9.00 9.00 9.00 9.00 9.00 9.00 9.00 9.00 9.00 9.00 9.00 9.00 9.00 9.00 9.00 9.00 9.00 9.00 9.00 9.00 9.00 9.00 9.00 9.00 9.00 9.00 9.00 9.00 9.00 9.00 9.00 9.00 9.00 9.00 9.00 9.00 9.00 9.00 9.00 9.00 9.00
4.83 6.00 7.17 7.17 7.17 7.17 7.17 7.17 7.17 7.17 7.17 7.17 6.50 6.67 6.67 6.67 6.67 6.67 7.33 7.17 6.83 6.67 6.83 7.17 6.83 6.83 7.45 7.62 10.12 13.17 17.00 18.00 18.00 18.00 18.00 18.00 18.00 18.00 18.00 18.00 18.00 18.00 18.00 17.00 14.67 14.67 14.33 15.33 13.00 9.14 6.31 5.64 7.17 7.33 7.33 8.00 9.00 9.00 9.00 9.00 9.00 9.00 9.00 9.00 9.00 9.00 9.00 9.00 9.00 9.00 9.00 9.00 9.00 9.00 9.00 9.00 9.00 9.00 9.00 9.00 9.00 9.00 9.00 9.00 9.00 9.00 9.00 9.00 9.00 9.00 9.00 9.00 9.00 9.00 9.00 9.00 9.00 9.00 9.00 9.00
6.17 6.83 7.33 7.33 7.33 7.33 7.33 7.33 7.33 7.33 7.33 7.33 7.33 7.33 7.33 7.33 6.83 6.83 7.33 7.67 7.83 6.50 7.17 7.00 7.83 7.08 7.70 7.04 8.45 9.90 14.07 15.07 16.67 16.67 16.67 16.67 16.67 16.67 16.67 16.67 17.00 17.00 15.67 15.67 13.33 13.33 13.00 12.67 11.67 7.62 6.62 5.95 7.00 7.17 7.17 8.50 9.00 9.00 9.00 9.00 9.00 9.00 9.00 9.00 9.00 9.00 9.00 9.00 9.00 9.00 9.00 9.00 9.00 9.00 9.00 9.00 9.00 9.00 9.00 9.00 9.00 9.00 9.00 9.00 9.00 9.00 9.00 9.00 9.00 9.00 9.00 9.00 9.00 9.00 9.00 9.00 9.00 9.00 9.00 9.00
7.00 7.17 7.17 7.17 7.17 7.17 7.17 7.17 7.17 7.17 7.17 7.17 7.17 7.67 7.67 7.67 7.17 7.17 7.17 7.67 7.83 7.83 7.33 7.83 7.50 7.25 7.92 8.08 7.83 7.07 9.90 11.07 12.67 12.67 12.67 12.67 12.67 12.67 12.67 12.67 13.00 13.50 12.17 12.17 11.17 11.17 11.33 11.00 11.33 8.64 6.81 5.81 6.67 7.33 7.33 8.50 9.00 9.00 9.00 9.00 9.00 9.00 9.00 9.00 10.00 11.00 12.00 12.00 12.00 12.00 12.00 12.00 12.00 12.00 12.00 12.00 12.00 12.00 12.00 12.00 12.00 12.00 12.00 12.00 12.00 12.00 12.00 12.00 12.00 12.00 12.00 11.00 10.00 9.00 9.00 9.00 9.00 9.00 9.00 9.00
7.33 7.33 7.33 7.33 7.33 7.33 7.33 7.33 7.33 7.33 7.33 7.33 7.33 7.33 7.33 7.33 7.33 7.33 6.83 7.33 7.83 8.33 7.83 7.17 7.33 6.42 8.08 7.58 8.00 5.90 7.23 7.40 9.00 9.00 9.00 9.00 9.00 9.00 9.00 9.00 9.33 9.83 8.37 9.37 9.37 9.50 10.00 8.67 10.00 7.64 7.48 6.48 6.67 7.17 7.83 9.00 9.00 9.00 9.00 9.00 9.00 9.00 9.00 9.00 11.00 13.00 15.00 15.00 15.00 15.00 15.00 15.00 15.00 15.00 15.00 15.00 15.00 15.00 15.00 15.00 15.00 15.00 15.00 15.00 15.00 15.00 15.00 15.00 15.00 15.00 15.00 13.00 11.00 9.00 9.00 9.00 9.00 9.00 9.00 9.00
6.00 6.50 7.17 7.17 7.17 7.17 7.17 7.17 7.17 7.17 7.17 7.17 7.17 6.67 6.67 6.67 7.17 7.17 6.67 6.67 7.17 7.67 7.83 7.17 7.33 6.67 6.83 6.67 7.17 7.17 7.17 7.33 7.33 7.33 7.33 7.33 7.33 7.33 7.33 7.33 7.33 7.17 6.53 6.53 6.70 6.83 7.33 7.33 7.83 7.33 7.33 7.33 7.33 7.83 8.50 9.00 9.00 9.00 9.00 9.00 9.00 9.00 9.00 9.00 12.00 15.00 18.00 18.00 18.00 18.00 18.00 18.00 18.00 18.00 18.00 18.00 18.00 18.00 18.00 18.00 18.00 18.00 18.00 18.00 18.00 18.00 18.00 18.00 18.00 18.00 18.00 15.00 12.00 9.00 9.00 9.00 9.00 9.00 9.00 9.00
5.17 6.17 7.33 7.33 7.33 7.33 7.33 7.33 7.33 7.33 7.33 7.33 7.83 7.33 7.33 7.33 7.83 7.33 6.33 6.33 6.83 6.67 7.33 7.17 7.67 6.50 6.67 5.92 7.08 6.92 7.67 7.00 7.67 7.67 7.67 7.67 7.67 7.67 7.67 7.67 7.53 6.87 6.23 6.37 6.53 6.67 6.67 6.67 7.17 7.83 8.33 8.33 8.33 8.33 9.00 9.00 9.00 9.00 9.00 9.00 9.00 9.00 9.00 9.00 12.00 15.00 18.00 18.00 18.00 18.00 18.00 18.00 18.00 18.00 18.00 18.00 18.00 18.00 18.00 18.00 18.00 18.00 18.00 18.00 18.00 18.00 18.00 18.00 18.00 18.00 18.00 15.00 12.00 9.00 9.00 9.00 9.00 9.00 9.00 9.00
4.83 6.00 7.17 7.17 7.17 7.17 7.17 7.17 7.17 7.17 7.17 7.17 7.67 7.00 7.67 7.67 7.67 7.17 6.67 6.67 6.67 6.00 6.67 7.17 7.67 7.33 6.17 6.08 6.58 6.58 7.33 6.67 7.33 7.33 7.33 7.33 7.33 7.33 7.33 6.83 6.70 6.53 6.53 7.17 7.33 7.33 7.33 7.33 7.83 8.50 9.00 9.00 9.00 9.00 9.00 9.00 9.00 9.00 9.00 9.00 9.00 9.00 9.00 9.00 12.00 15.00 18.00 18.00 18.00 18.00 18.00 18.00 18.00 18.00 18.00 18.00 18.00 18.00 18.00 18.00 18.00 18.00 18.00 18.00 18.00 18.00 18.00 18.00 18.00 18.00 18.00 15.00 12.00 9.00 9.00 9.00 9.00 9.00 9.00 9.00
6.17 6.83 7.33 7.33 7.33 7.33 7.33 7.33 7.33 7.33 7.33 6.83 7.33 6.67 7.33 7.33 7.33 7.33 6.83 7.33 7.33 6.83 6.83 7.33 7.00 6.50 5.83 5.75 6.42 5.92 6.67 6.00 6.67 6.67 6.67 6.67 6.67 6.67 6.00 5.50 5.37 6.53 7.70 8.33 8.33 8.33 8.33 8.33 8.33 9.00 9.00 9.00 9.00 9.00 9.00 9.00 9.00 9.00 9.00 9.00 9.00 9.00 9.00 9.00 12.00 15.00 18.00 18.00 18.00 18.00 18.00 18.00 18.00 18.00 18.00 18.00 18.00 18.00 18.00 18.00 18.00 18.00 18.00 18.00 18.00 18.00 18.00 18.00 18.00 18.00 18.00 15.00 12.00 9.00 9.00 9.00 9.00 9.00 9.00 9.00
7.00 7.17 7.17 7.17 7.17 7.17 7.17 7.17 7.17 7.17 7.17 6.67 6.67 6.00 6.67 6.67 6.67 7.17 7.83 8.33 7.67 7.17 7.17 7.33 6.67 6.17 6.00 6.50 7.17 7.33 7.33 7.33 7.33 7.33 7.33 7.33 7.33 6.83 6.17 5.67 6.17 7.33 8.50 9.00 9.00 9.00 9.00 9.00 9.00 9.00 9.00 9.00 9.00 9.00 9.00 9.00 9.00 9.00 9.00 9.00 9.00 9.00 9.00 9.00 12.00 15.00 18.00 18.00 18.00 18.00 18.00 18.00 18.00 18.00 18.00 18.00 18.00 18.00 18.00 18.00 18.00 18.00 18.00 18.00 18.00 18.00 18.00 18.00 18.00 18.00 18.00 15.00 12.00 9.00 9.00 9.00 9.00 9.00 9.00 9.00
7.33 7.33 7.33 7.33 7.33 7.33 7.33 7.33 7.33 7.33 7.33 7.33 7.33 7.33 7.33 7.33 7.33 7.83 8.50 8.50 7.83 7.33 7.17 7.33 6.67 6.00 6.50 6.33 7.67 7.67 7.67 7.67 7.67 7.67 7.67 7.67 7.67 7.17 6.50 7.17 7.67 8.33 9.00 9.00 9.00 9.00 9.00 9.00 9.00 9.00 9.00 9.00 9.00 9.00 9.00 9.00 9.00 9.00 9.00 9.00 9.00 9.00 9.00 9.00 12.00 15.00 18.00 18.00 18.00 18.00 18.00 18.00 18.00 18.00 18.00 18.00 18.00 18.00 18.00 18.00 18.00 18.00 18.00 18.00 18.00 18.00 18.00 18.00 18.00 18.00 18.00 15.00 12.00 9.00 9.00 9.00 9.00 9.00 9.00 9.00
6.00 6.50 7.17 7.17 7.17 7.17 7.17 7.17 7.17 7.17 7.17 7.67 7.67 8.33 7.67 7.67 7.67 8.33 8.33 7.83 7.17 7.33 7.17 7.33 6.83 6.83 7.33 7.17 7.33 7.33 7.33 7.33 7.33 7.33 7.33 7.33 7.33 7.33 7.33 8.50 9.00 9.00 9.00 9.00 9.00 9.00 9.00 9.00 9.00 9.00 9.00 9.00 9.00 9.00 9.00 9.00 9.00 9.00 9.00 9.00 9.00 9.00 9.00 9.00 12.00 15.00 18.00 18.00 18.00 18.00 18.00 18.00 18.00 18.00 18.00 18.00 18.00 18.00 18.00 18.00 18.00 18.00 18.00 18.00 18.00 18.00 18.00 18.00 18.00 18.00 18.00 15.00 12.00 9.00 9.00 9.00 9.00 9.00 9.00 9.00
5.17 6.17 7.33 7.33 7.33 7.33 7.33 7.33 7.33 7.33 7.33 7.33 7.83 8.00 7.83 7.33 7.83 8.00 7.83 7.33 7.17 7.33 7.17 7.17 7.17 7.17 7.17 6.50 6.67 6.67 6.67 6.67 6.67 6.67 6.67 6.67 6.67 7.17 7.83 9.00 9.00 9.00 9.00 9.00 9.00 9.00 9.00 9.00 9.00 9.00 9.00 9.00 9.00 9.00 9.00 9.00 9.00 9.00 9.00 9.00 9.00 9.00 9.00 9.00 12.00 15.00 18.00 18.00 18.00 18.00 18.00 18.00 18.00 18.00 18.00 18.00 18.00 18.00 18.00 18.00 18.00 18.00 18.00 18.00 18.00 18.00 18.00 18.00 18.00 18.00 18.00 15.00 12.00 9.00 9.00 9.00 9.00 9.00 9.00 9.00
4.83 6.00 7.03 7.03 7.03 7.17 7.17 7.17 7.17 7.17 7.17 7.33 7.17 7.33 7.17 7.33 7.17 7.33 7.17 7.33 7.17 7.33 7.33 7.33 7.33 7.33 7.33 7.33 7.33 7.33 7.33 7.33 7.33 7.33 7.33 7.33 7.33 7.83 8.50 9.00 9.00 9.00 9.00 9.00 9.00 9.00 9.00 9.00 9.00 9.00 9.00 9.00 9.00 9.00 9.00 9.00 9.00 9.00 9.00 9.00 9.00 9.00 9.00 9.00 12.00 15.00 18.00 18.00 18.00 18.00 18.00 18.00 18.00 18.00 18.00 18.00 18.00 18.00 18.00 18.00 18.00 18.00 18.00 18.00 18.00 18.00 18.00 18.00 18.00 18.00 18.00 15.00 12.00 9.00 9.00 9.00 9.00 9.00 9.00 9.00
6.17 6.67 6.53 6.53 7.20 7.83 7.33 6.83 6.83 7.33 7.17 7.33 7.17 7.33 7.17 7.33 7.17 7.33 7.17 7.33 7.17 7.17 7.17 7.17 7.17 7.17 7.17 7.83 8.33 8.33 8.33 8.33 8.33 8.33 8.33 8.33 8.33 8.33 9.00 9.00 9.00 9.00 9.00 9.00 9.00 9.00 9.00 9.00 9.00 9.00 9.00 9.00 9.00 9.00 9.00 9.00 9.00 9.00 9.00 9.00 9.00 9.00 9.00 9.00 12.00 15.00 18.00 18.00 18.00 18.00 18.00 18.00 18.00 18.00 18.00 18.00 18.00 18.00 18.00 18.00 18.00 18.00 18.00 18.00 18.00 18.00 18.00 18.00 18.00 18.00 18.00 15.00 12.00 9.00 9.00 9.00 9.00 9.00 9.00 9.00
6.92 6.92 6.28 6.37 7.03 7.00 7.17 6.67 6.58 6.58 6.42 7.33 7.17 7.83 7.17 7.33 6.67 7.33 7.17 7.33 7.33 7.33 7.33 7.33 7.33 7.33 7.83 8.50 9.00 9.00 9.00 9.00 9.00 9.00 9.00 9.00 9.00 9.00 9.00 9.00 9.00 9.00 9.00 9.00 9.00 9.00 9.00 9.00 9.00 9.00 9.00 9.00 9.00 9.00 9.00 9.00 9.00 9.00 9.00 9.00 9.00 9.00 9.00 9.00 12.00 15.00 18.00 18.00 18.00 18.00 18.00 18.00 18.00 18.00 18.00 18.00 18.00 18.00 18.00 18.00 18.00 18.00 18.00 18.00 18.00 18.00 18.00 18.00 18.00 18.00 18.00 15.00 12.00 9.00 9.00 9.00 9.00 9.00 9.00 9.00
7.25 7.08 6.58 6.67 7.33 7.17 7.33 6.17 6.58 6.58 6.42 6.67 6.50 7.17 6.50 6.67 6.67 7.33 7.17 7.17 7.17 7.17 7.17 7.17 7.17 7.83 8.33 9.00 9.00 9.00 9.00 9.00 9.00 9.00 9.00 9.00 9.00 9.00 9.00 9.00 9.00 9.00 9.00 9.00 9.00 9.00 9.00 9.00 9.00 9.00 9.00 9.00 9.00 9.00 9.00 9.00 9.00 9.00 9.00 9.00 9.00 9.00 9.00 9.00 12.00 15.00 18.00 18.00 18.00 18.00 18.00 18.00 18.00 18.00 18.00 18.00 18.00 18.00 18.00 18.00 18.00 18.00 18.00 18.00 18.00 18.00 18.00 18.00 18.00 18.00 18.00 15.00 12.00 9.00 9.00 9.00 9.00 9.00 9.00 9.00
5.92 6.28 6.95 7.03 7.17 6.50 6.50 5.83 6.25 5.92 6.58 6.83 6.67 6.17 6.17 6.83 7.33 7.33 7.33 7.33 7.33 7.33 7.33 7.33 7.83 8.50 9.00 9.00 9.00 9.00 9.00 9.00 9.00 9.00 9.00 9.00 9.00 9.00 9.00 9.00 9.00 9.00 9.00 9.00 9.00 9.00 9.00 9.00 9.00 9.00 9.00 9.00 9.00 9.00 9.00 9.00 9.00 9.00 9.00 9.00 9.00 9.00 9.00 9.00 12.00 15.00 18.00 18.00 18.00 18.00 18.00 18.00 18.00 18.00 18.00 18.00 18.00 18.00 18.00 18.00 18.00 18.00 18.00 18.00 18.00 18.00 18.00 18.00 18.00 18.00 18.00 15.00 12.00 9.00 9.00 9.00 9.00 9.00 9.00 9.00
5.17 5.53 6.20 6.20 6.83 6.83 6.17 5.50 6.50 6.50 7.17 6.50 6.50 6.00 6.00 7.17 7.67 7.67 7.17 7.17 7.17 7.17 7.17 7.83 8.33 9.00 9.00 9.00 9.00 9.00 9.00 9.00 9.00 9.00 9.00 9.00 9.00 9.00 9.00 9.00 9.00 9.00 9.00 9.00 9.00 9.00 9.00 9.00 9.00 9.00 9.00 9.00 9.00 9.00 9.00 9.00 9.00 9.00 9.00 9.00 9.00 9.00 9.00 9.00 12.00 15.00 18.00 18.00 18.00 18.00 18.00 18.00 18.00 18.00 18.00 18.00 18.00 18.00 18.00 18.00 18.00 18.00 18.00 18.00 18.00 18.00 18.00 18.00 18.00 18.00 18.00 15.00 12.00 9.00 9.00 9.00 9.00 9.00 9.00 9.00
4.83 5.37 6.03 5.37 6.00 6.00 5.33 5.33 6.50 6.67 7.33 6.67 7.33 6.83 6.83 7.33 7.83 7.83 7.33 7.33 6.83 7.33 7.33 8.50 9.00 9.00 9.00 9.00 9.00 9.00 9.00 9.00 9.00 9.00 9.00 9.00 9.00 9.00 9.00 9.00 9.00 9.00 9.00 9.00 9.00 9.00 9.00 9.00 9.00 9.00 9.00 9.00 9.00 9.00 9.00 9.00 9.00 9.00 9.00 9.00 9.00 9.00 9.00 9.00 12.00 15.00 18.00 18.00 18.00 18.00 18.00 18.00 18.00 18.00 18.00 18.00 18.00 18.00 18.00 18.00 18.00 18.00 18.00 18.00 18.00 18.00 18.00 18.00 18.00 18.00 18.00 15.00 12.00 9.00 9.00 9.00 9.00 9.00 9.00 9.00
6.17 6.83 6.83 6.17 6.17 6.17 5.67 5.67 6.83 7.33 7.03 5.70 5.70 6.50 7.17 7.83 7.17 7.17 7.17 7.17 6.67 7.17 7.83 9.00 9.00 9.00 9.00 9.00 9.00 9.00 9.00 9.00 9.00 9.00 9.00 9.00 9.00 9.00 9.00 9.00 9.00 9.00 9.00 9.00 9.00 9.00 9.00 9.00 9.00 9.00 9.00 9.00 9.00 9.00 9.00 9.00 9.00 9.00 9.00 9.00 9.00 9.00 9.00 9.00 12.00 15.00 18.00 18.00 18.00 18.00 18.00 18.00 18.00 18.00 18.00 18.00 18.00 18.00 18.00 18.00 18.00 18.00 18.00 18.00 18.00 18.00 18.00 18.00 18.00 18.00 18.00 15.00 12.00 9.00 9.00 9.00 9.00 9.00 9.00 9.00
7.67 8.33 8.33 7.67 7.17 6.50 6.00 5.50 6.33 6.50 5.95 5.78 5.12 6.17 6.83 8.00 7.83 7.33 7.33 7.33 7.33 7.83 8.50 9.00 9.00 9.00 9.00 9.00 9.00 9.00 9.00 9.00 9.00 9.00 9.00 9.00 9.00 9.00 9.00 9.00 9.00 9.00 9.00 9.00 9.00 9.00 9.00 9.00 9.00 9.00 9.00 9.00 9.00 9.00 9.00 9.00 9.00 9.00 9.00 9.00 9.00 9.00 9.00 9.00 12.00 15.00 18.00 18.00 18.00 18.00 18.00 18.00 18.00 18.00 18.00 18.00 18.00 18.00 18.00 18.00 18.00 18.00 18.00 18.00 18.00 18.00 18.00 18.00 18.00 18.00 18.00 15.00 12.00 9.00 9.00 9.00 9.00 9.00 9.00 9.00
9.00 9.00 9.00 9.00 8.50 7.83 6.83 6.33 5.83 5.53 4.98 4.82 4.95 6.00 6.67 7.08 6.92 7.08 7.17 7.17 7.67 8.33 9.00 9.00 9.00 9.00 9.00 9.00 9.00 9.00 9.00 9.00 9.00 9.00 9.00 9.00 9.00 9.00 9.00 9.00 9.00 9.00 9.00 9.00 9.00 9.00 9.00 9.00 9.00 9.00 9.00 9.00 9.00 9.00 9.00 9.00 9.00 9.00 9.00 9.00 9.00 9.00 9.00 9.00 12.00 15.00 18.00 18.00 18.00 18.00 18.00 18.00 18.00 18.00 18.00 18.00 18.00 18.00 18.00 18.00 18.00 18.00 18.00 18.00 18.00 18.00 18.00 18.00 18.00 18.00 18.00 15.00 12.00 9.00 9.00 9.00 9.00 9.00 9.00 9.00
9.00 9.00 9.00 9.00 9.00 8.33 8.83 7.83 8.33 7.53 8.78 7.95 8.75 7.67 8.00 7.75 7.83 7.50 6.58 7.33 8.33 9.00 9.00 9.00 9.00 9.00 9.00 9.00 9.00 9.00 9.00 9.00 9.00 9.00 9.00 9.00 9.00 9.00 9.00 9.00 9.00 9.00 9.00 9.00 9.00 9.00 9.00 9.00 9.00 9.00 9.00 9.00 9.00 9.00 9.00 9.00 9.00 9.00 9.00 9.00 9.00 9.00 9.00 9.00 12.00 15.00 18.00 18.00 18.00 18.00 18.00 18.00 18.00 18.00 18.00 18.00 18.00 18.00 18.00 18.00 18.00 18.00 18.00 18.00 18.00 18.00 18.00 18.00 18.00 18.00 18.00 15.00 12.00 9.00 9.00 9.00 9.00 9.00 9.00 9.00
9.00 9.00 9.00 9.00 9.00 9.00 9.00 9.50 9.50 10.70 11.20 11.20 11.00 10.67 9.67 8.92 6.70 7.20 6.28 7.83 8.33 9.00 9.00 9.00 9.00 9.00 9.00 9.00 9.00 9.00 9.00 9.00 9.00 9.00 9.00 9.00 9.00 9.00 9.00 9.00 9.00 9.00 9.00 9.00 9.00 9.00 9.00 9.00 9.00 9.00 9.00 9.00 9.00 9.00 9.00 9.00 9.00 9.00 9.00 9.00 9.00 9.00 9.00 9.00 12.00 15.00 18.00 18.00 18.00 18.00 18.00 18.00 18.00 18.00 18.00 18.00 18.00 18.00 18.00 18.00 18.00 18.00 18.00 18.00 18.00 18.00 18.00 18.00 18.00 18.00 18.00 15.00 12.00 9.00 9.00 9.00 9.00 9.00 9.00 9.00
9.00 9.00 9.00 9.00 9.00 8.50 8.67 9.17 11.33 13.17 14.67 13.17 13.17 12.83 13.33 11.73 7.85 6.68 6.28 8.50 9.00 9.00 9.00 9.00 9.00 9.00 9.00 9.00 9.00 9.00 9.00 9.00 9.00 9.00 9.00 9.00 9.00 9.00 9.00 9.00 9.00 9.00 9.00 9.00 9.00 9.00 9.00 9.00 9.00 9.00 9.00 9.00 9.00 9.00 9.00 9.00 9.00 9.00 9.00 9.00 9.00 9.00 9.00 9.00 12.00 15.00 18.00 18.00 18.00 18.00 18.00 18.00 18.00 18.00 18.00 18.00 18.00 18.00 18.00 18.00 18.00 18.00 18.00 18.00 18.00 18.00 18.00 18.00 18.00 18.00 18.00 15.00 12.00 9.00 9.00 9.00 9.00 9.00 9.00 9.00
9.00 9.00 9.00 9.00 9.00 8.00 6.83 8.83 11.50 14.67 13.33 13.17 12.17 14.50 13.67 12.07 7.60 6.43 7.03 8.50 9.00 9.00 9.00 9.00 9.00 9.00 9.00 9.00 9.00 9.00 9.00 9.00 9.00 9.00 9.00 9.00 9.00 9.00 9.00 9.00 9.00 9.00 9.00 9.00 9.00 9.00 9.00 9.00 9.00 9.00 9.00 9.00 9.00 9.00 9.00 9.00 9.00 9.00 9.00 9.00 9.00 9.00 9.00 9.00 12.00 15.00 18.00 18.00 18.00 18.00 18.00 18.00 18.00 18.00 18.00 18.00 18.00 18.00 18.00 18.00 18.00 18.00 18.00 18.00 18.00 18.00 18.00 18.00 18.00 18.00 18.00 15.00 12.00 9.00 9.00 9.00 9.00 9.00 9.00 9.00
9.00 9.00 9.00 9.00 9.00 8.00 6.73 8.73 12.73 16.00 15.67 14.17 14.17 14.17 13.33 10.73 7.73 6.57 6.50 7.83 8.33 9.00 9.00 9.00 9.00 9.00 9.00 9.00 9.00 9.00 9.00 9.00 9.00 9.00 9.00 9.00 9.00 9.00 9.00 9.00 9.00 9.00 9.00 9.00 9.00 9.00 9.00 9.00 9.00 9.00 9.00 9.00 9.00 9.00 9.00 9.00 9.00 9.00 9.00 9.00 9.00 9.00 9.00 9.00 12.00 15.00 18.00 18.00 18.00 18.00 18.00 18.00 18.00 18.00 18.00 18.00 18.00 18.00 18.00 18.00 18.00 18.00 18.00 18.00 18.00 18.00 18.00 18.00 18.00 18.00 18.00 15.00 12.00 9.00 9.00 9.00 9.00 9.00 9.00 9.00
9.00 9.00 9.00 9.00 9.00 8.00 7.07 9.07 13.07 17.00 16.67 16.67 15.67 14.67 11.33 9.33 7.50 7.33 6.67 7.33 7.83 8.50 9.00 9.00 9.00 9.00 9.00 9.00 9.00 9.00 9.00 9.00 9.00 9.00 9.00 9.00 9.00 9.00 9.00 9.00 9.00 9.00 9.00 9.00 9.00 9.00 9.00 9.00 9.00 9.00 9.00 9.00 9.00 9.00 9.00 9.00 9.00 9.00 9.00 9.00 9.00 9.00 9.00 9.00 12.00 15.00 18.00 18.00 18.00 18.00 18.00 18.00 18.00 18.00 18.00 18.00 18.00 18.00 18.00 18.00 18.00 18.00 18.00 18.00 18.00 18.00 18.00 18.00 18.00 18.00 18.00 15.00 12.00 9.00 9.00 9.00 9.00 9.00 9.00 9.00
9.00 9.00 9.00 9.00 9.00 8.50 7.57 8.23 11.73 14.33 16.67 16.67 16.67 14.33 12.00 9.56 7.72 7.06 6.50 7.17 7.17 8.50 9.00 9.00 9.00 9.00 9.00 9.00 9.00 9.00 9.00 9.00 9.00 9.00 9.00 9.00 9.00 9.00 9.00 9.00 9.00 9.00 9.00 9.00 9.00 9.00 9.00 9.00 9.00 9.00 9.00 9.00 9.00 9.00 9.00 9.00 9.00 9.00 9.00 9.00 9.00 9.00 9.00 9.00 12.00 15.00 18.00 18.00 18.00 18.00 18.00 18.00 18.00 18.00 18.00 18.00 18.00 18.00 18.00 18.00 18.00 18.00 18.00 18.00 18.00 18.00 18.00 18.00 18.00 18.00 18.00 15.00 12.00 9.00 9.00 9.00 9.00 9.00 9.00 9.00
9.00 9.00 9.00 9.00 9.00 8.50 8.17 8.83 11.33 12.33 14.67 14.67 15.67 14.67 13.07 10.62 8.12 7.22 7.33 7.33 7.83 8.50 9.00 9.00 9.00 9.00 9.00 9.00 9.00 9.00 9.00 9.00 9.00 9.00 9.00 9.00 9.00 9.00 9.00 9.00 9.00 9.00 9.00 9.00 9.00 9.00 9.00 9.00 9.00 9.00 9.00 9.00 9.00 9.00 9.00 9.00 9.00 9.00 9.00 9.00 9.00 9.00 9.00 9.00 12.00 15.00 18.00 18.00 18.00 18.00 18.00 18.00 18.00 18.00 18.00 18.00 18.00 18.00 18.00 18.00 18.00 18.00 18.00 18.00 18.00 18.00 18.00 18.00 18.00 18.00 18.00 15.00 12.00 9.00 9.00 9.00 9.00 9.00 9.00 9.00
9.00 9.00 9.00 9.00 9.00 9.00 8.67 8.67 9.67 9.67 11.00 11.00 12.00 11.87 11.27 9.82 7.96 7.06 7.17 7.83 8.33 9.00 9.00 9.00 9.00 9.00 9.00 9.00 9.00 9.00 9.00 9.00 9.00 9.00 9.00 9.00 9.00 9.00 9.00 9.00 9.00 9.00 9.00 9.00 9.00 9.00 9.00 9.00 9.00 9.00 9.00 9.00 9.00 9.00 9.00 9.00 9.00 9.00 9.00 9.00 9.00 9.00 9.00 9.00 12.00 15.00 18.00 18.00 18.00 18.00 18.00 18.00 18.00 18.00 18.00 18.00 18.00 18.00 18.00 18.00 18.00 18.00 18.00 18.00 18.00 18.00 18.00 18.00 18.00 18.00 18.00 15.00 12.00 9.00 9.00 9.00 9.00 9.00 9.00 9.00
9.00 9.00 9.00 9.00 9.00 9.00 9.00 9.33 9.33 9.33 9.33 9.33 10.33 10.20 9.60 8.60 7.73 7.83 7.83 8.50 9.00 9.00 9.00 9.00 9.00 9.00 9.00 9.00 9.00 9.00 9.00 9.00 9.00 9.00 9.00 9.00 9.00 9.00 9.00 9.00 9.00 9.00 9.00 9.00 9.00 9.00 9.00 9.00 9.00 9.00 9.00 9.00 9.00 9.00 9.00 9.00 9.00 9.00 9.00 9.00 9.00 9.00 9.00 9.00 12.00 15.00 18.00 18.00 18.00 18.00 18.00 18.00 18.00 18.00 18.00 18.00 18.00 18.00 18.00 18.00 18.00 18.00 18.00 18.00 18.00 18.00 18.00 18.00 18.00 18.00 18.00 15.00 12.00 9.00 9.00 9.00 9.00 9.00 9.00 9.00
9.00 9.00 9.00 9.00 9.00 9.00 9.00 8.33 8.33 8.33 8.33 8.33 8.33 8.20 8.20 8.20 8.33 8.33 8.33 9.00 9.00 9.00 9.00 9.00 9.00 9.00 9.00 9.00 9.00 9.00 9.00 9.00 9.00 9.00 9.00 9.00 9.00 9.00 9.00 9.00 9.00 9.00 9.00 9.00 9.00 9.00 9.00 9.00 9.00 9.00 9.00 9.00 9.00 9.00 9.00 9.00 9.00 9.00 9.00 9.00 9.00 9.00 9.00 9.00 11.00 13.00 15.00 15.00 15.00 15.00 15.00 15.00 15.00 15.00 15.00 15.00 15.00 15.00 15.00 15.00 15.00 15.00 15.00 15.00 15.00 15.00 15.00 15.00 15.00 15.00 15.00 13.00 11.00 9.00 9.00 9.00 9.00 9.00 9.00 9.00
9.00 9.00 9.00 9.00 9.00 9.00 9.00 9.00 9.00 9.00 9.00 9.00 9.00 9.00 9.00 9.00 9.00 9.00 9.00 9.00 9.00 9.00 9.00 9.00 9.00 9.00 9.00 9.00 9.00 9.00 9.00 9.00 9.00 9.00 9.00 9.00 9.00 9.00 9.00 9.00 9.00 9.00 9.00 9.00 9.00 9.00 9.00 9.00 9.00 9.00 9.00 9.00 9.00 9.00 9.00 9.00 9.00 9.00 9.00 9.00 9.00 9.00 9.00 9.00 10.00 11.00 12.00 12.00 12.00 12.00 12.00 12.00 12.00 12.00 12.00 12.00 12.00 12.00 12.00 12.00 12.00 12.00 12.00 12.00 12.00 12.00 12.00 12.00 12.00 12.00 12.00 11.00 10.00 9.00 9.00 9.00 9.00 9.00 9.00 9.00
9.00 9.00 9.00 9.00 9.00 9.00 9.00 9.00 9.00 9.00 9.00 9.00 9.00 9.00 9.00 9.00 9.00 9.00 9.00 9.00 9.00 9.00 9.00 9.00 9.00 9.00 9.00 9.00 9.00 9.00 9.00 9.00 9.00 9.00 9.00 9.00 9.00 9.00 9.00 9.00 9.00 9.00 9.00 9.00 9.00 9.00 9.00 9.00 9.00 9.00 9.00 9.00 9.00 9.00 9.00 9.00 9.00 9.00 9.00 9.00 9.00 9.00 9.00 9.00 9.00 9.00 9.00 9.00 9.00 9.00 9.00 9.00 9.00 9.00 9.00 9.00 9.00 9.00 9.00 9.00 9.00 9.00 9.00 9.00 9.00 9.00 9.00 9.00 9.00 9.00 9.00 9.00 9.00 9.00 9.00 9.00 9.00 9.00 9.00 9.00
9.00 9.00 9.00 9.00 9.00 9.00 9.00 9.00 9.00 9.00 9.00 9.00 9.00 9.00 9.00 9.00 9.00 9.00 9.00 9.00 9.00 9.00 9.00 9.00 9.00 9.00 9.00 9.00 9.00 9.00 9.00 9.00 9.00 9.00 9.00 9.00 9.00 9.00 9.00 9.00 9.00 9.00 9.00 9.00 9.00 9.00 9.00 9.00 9.00 9.00 9.00 9.00 9.00 9.00 9.00 9.00 9.00 9.00 9.00 9.00 9.00 9.00 9.00 9.00 9.00 9.00 9.00 9.00 9.00 9.00 9.00 9.00 9.00 9.00 9.00 9.00 9.00 9.00 9.00 9.00 9.00 9.00 9.00 9.00 9.00 9.00 9.00 9.00 9.00 9.00 9.00 9.00 9.00 9.00 9.00 9.00 9.00 9.00 9.00 9.00
9.00 9.00 9.00 9.00 9.00 9.00 9.00 9.00 9.00 9.00 9.00 9.00 9.00 9.00 9.00 9.00 9.00 9.00 9.00 9.00 9.00 9.00 9.00 9.00 9.00 9.00 9.00 9.00 9.00 9.00 9.00 9.00 9.00 9.00 9.00 9.00 9.00 9.00 9.00 9.00 9.00 9.00 9.00 9.00 9.00 9.00 9.00 9.00 9.00 9.00 9.00 9.00 9.00 9.00 9.00 9.00 9.00 9.00 9.00 9.00 9.00 9.00 9.00 9.00 9.00 9.00 9.00 9.00 9.00 9.00 9.00 9.00 9.00 9.00 9.00 9.00 9.00 9.00 9.00 9.00 9.00 9.00 9.00 9.00 9.00 9.00 9.00 9.00 9.00 9.00 9.00 9.00 9.00 9.00 9.00 9.00 9.00 9.00 9.00 9.00
9.00 9.00 9.00 9.00 9.00 9.00 9.00 9.00 9.00 9.00 9.00 9.00 9.00 9.00 9.00 9.00 9.00 9.00 9.00 9.00 9.00 9.00 9.00 9.00 9.00 9.00 9.00 9.00 9.00 9.00 9.00 9.00 9.00 9.00 9.00 9.00 9.00 9.00 9.00 9.00 9.00 9.00 9.00 9.00 9.00 9.00 9.00 9.00 9.00 9.00 9.00 9.00 9.00 9.00 9.00 9.00 9.00 9.00 9.00 9.00 9.00 9.00 9.00 9.00 9.00 9.00 9.00 9.00 9.00 9.00 9.00 9.00 9.00 9.00 9.00 9.00 9.00 9.00 9.00 9.00 9.00 9.00 9.00 9.00 9.00 9.00 9.00 9.00 9.00 9.00 9.00 9.00 9.00 9.00 9.00 9.00 9.00 9.00 9.00 9.00
9.00 9.00 9.00 9.00 9.00 9.00 9.00 9.00 9.00 9.00 9.00 9.00 9.00 9.00 9.00 9.00 9.00 9.00 9.00 9.00 9.00 9.00 9.00 9.00 9.00 9.00 9.00 9.00 9.00 9.00 9.00 9.00 9.00 9.00 9.00 9.00 9.00 9.00 9.00 9.00 9.00 9.00 9.00 9.00 9.00 9.00 9.00 9.00 9.00 9.00 9.00 9.00 9.00 9.00 9.00 9.00 9.00 9.00 9.00 9.00 9.00 9.00 9.00 9.00 9.00 9.00 9.00 9.00 9.00 9.00 9.00 9.00 9.00 9.00 9.00 9.00 9.00 9.00 9.00 9.00 9.00 9.00 9.00 9.00 9.00 9.00 9.00 9.00 9.00 9.00 9.00 9.00 9.00 9.00 9.00 9.00 9.00 9.00 9.00 9.00
9.00 9.00 9.00 9.00 9.00 9.00 9.00 9.00 9.00 9.00 9.00 9.00 9.00 9.00 9.00 9.00 9.00 9.00 9.00 9.00 9.00 9.00 9.00 9.00 9.00 9.00 9.00 9.00 9.00 9.00 9.00 9.00 9.00 9.00 9.00 9.00 9.00 9.00 9.00 9.00 9.00 9.00 9.00 9.00 9.00 9.00 9.00 9.00 9.00 9.00 9.00 9.00 9.00 9.00 9.00 9.00 9.00 9.00 9.00 9.00 9.00 9.00 9.00 9.00 9.00 9.00 9.00 9.00 9.00 9.00 9.00 9.00 9.00 9.00 9.00 9.00 9.00 9.00 9.00 9.00 9.00 9.00 9.00 9.00 9.00 9.00 9.00 9.00 9.00 9.00 9.00 9.00 9.00 9.00 9.00 9.00 9.00 9.00 9.00 9.00
9.00 9.00 9.00 9.00 9.00 9.00 9.00 9.00 9.00 9.00 9.00 9.00 9.00 9.00 9.00 9.00 9.00 9.00 9.00 9.00 9.00 9.00 9.00 9.00 9.00 9.00 9.00 9.00 9.00 9.00 9.00 9.00 9.00 9.00 9.00 9.00 9.00 9.00 9.00 9.00 9.00 9.00 9.00 9.00 9.00 9.00 9.00 9.00 9.00 9.00 9.00 9.00 9.00 9.00 9.00 9.00 9.00 9.00 9.00 9.00 9.00 9.00 9.00 9.00 9.00 9.00 9.00 9.00 9.00 9.00 9.00 9.00 9.00 9.00 9.00 9.00 9.00 9.00 9.00 9.00 9.00 9.00 9.00 9.00 9.00 9.00 9.00 9.00 9.00 9.00 9.00 9.00 9.00 9.00 9.00 9.00 9.00 9.00 9.00 9.00
9.00 9.00 9.00 9.00 9.00 9.00 9.00 9.00 9.00 9.00 9.00 9.00 9.00 9.00 9.00 9.00 9.00 9.00 9.00 9.00 9.00 9.00 9.00 9.00 9.00 9.00 9.00 9.00 9.00 9.00 9.00 9.00 9.00 9.00 9.00 9.00 9.00 9.00 9.00 9.00 9.00 9.00 9.00 9.00 9.00 9.00 9.00 9.00 9.00 9.00 9.00 9.00 9.00 9.00 9.00 9.00 9.00 9.00 9.00 9.00 9.00 9.00 9.00 9.00 9.00 9.00 9.00 9.00 9.00 9.00 9.00 9.00 9.00 9.00 9.00 9.00 9.00 9.00 9.00 9.00 9.00 9.00 9.00 9.00 9.00 9.00 9.00 9.00 9.00 9.00 9.00 9.00 9.00 9.00 9.00 9.00 9.00 9.00 9.00 9.00
9.00 9.00 9.00 9.00 9.00 9.00 9.00 9.00 9.00 9.00 9.00 9.00 9.00 9.00 9.00 9.00 9.00 9.00 9.00 9.00 9.00 9.00 9.00 9.00 9.00 9.00 9.00 9.00 9.00 9.00 9.00 9.00 9.00 9.00 9.00 9.00 9.00 9.00 9.00 9.00 9.00 9.00 9.00 9.00 9.00 9.00 9.00 9.00 9.00 9.00 9.00 9.00 9.00 9.00 9.00 9.00 9.00 9.00 9.00 9.00 9.00 9.00 9.00 9.00 9.00 9.00 9.00 9.00 9.00 9.00 9.00 9.00 9.00 9.00 9.00 9.00 9.00 9.00 9.00 9.00 9.00 9.00 9.00 9.00 9.00 9.00 9.00 9.00 9.00 9.00 9.00 9.00 9.00 9.00 9.00 9.00 9.00 9.00 9.00 9.00
